2,123.4
25,123.6
17,123.9
27,123.9
4,124.1
25,131.6
2,132.0
17,133.2
27,133.8
4,134.7
25,167.6
2,167.8
27,168.1
17,168.1
4,168.6
25,201.7
2,202.0
17,202.2
27,202.5
4,202.8
25,237.3
2,237.8
27,238.1
17,238.1
4,238.6
25,274.8
2,276.4
1,276.6
17,276.7
27,276.8
4,277.2
28,277.2
25,282.0
1,283.0
28,284.1
2,286.3
4,286.4
27,286.5
25,286.6
21,287.4
26,287.9
11,288.0
9,288.3
20,288.5
3,289.2
16,290.0
25,290.5
18,290.8
2,292.2
4,292.3
27,292.5
20,294.5
21,294.6
25,294.8
9,295.2
26,295.5
11,295.7
1,295.8
3,298.5
16,300.0
25,301.3
4,301.5
2,301.9
27,302.2
28,307.0
20,307.4
25,315.2
2,317.4
27,317.7
4,317.8
17,319.2
18,319.3
1,320.6
25,321.6
28,321.6
25,327.6
2,328.2
4,328.3
27,328.3
9,329.3
20,329.4
21,329.9
11,330.5
26,330.6
3,330.6
16,332.1
25,333.4
18,334.5
2,338.2
27,339.5
4,339.6
20,344.9
25,345.6
1,354.6
28,355.6
25,357.0
25,361.9
9,362.1
2,362.3
20,362.4
4,362.5
27,362.5
3,363.3
11,363.5
21,363.6
26,364.2
16,364.3
18,366.0
25,366.5
2,368.4
27,368.8
4,368.9
17,369.6
1,370.6
25,373.9
2,381.3
20,381.5
4,384.3
27,388.5
25,390.8
1,391.1
28,391.9
25,396.0
9,396.6
20,396.6
2,397.3
4,397.6
3,397.8
27,398.2
18,398.4
21,398.7
26,398.8
11,398.8
16,399.2
25,402.0
4,410.4
2,411.5
20,412.2
25,414.1
27,428.1
25,430.0
1,430.0
28,430.7
20,432.9
9,433.0
3,434.3
4,434.7
25,434.9
2,435.0
16,435.4
21,436.0
18,436.3
27,436.4
11,436.6
26,436.6
25,442.7
4,447.7
28,448.9
2,450.9
20,451.1
25,466.3
8,467.7
25,470.6
20,472.1
9,472.2
3,473.1
1,473.2
18,473.8
28,474.0
25,474.3
8,474.4
16,474.5
2,475.8
4,475.8
27,475.9
10,476.3
5,476.6
0,476.7
21,477.0
26,477.6
11,477.6
25,479.1
18,482.0
10,484.0
5,484.1
0,485.4
25,487.6
8,490.0
27,491.0
4,491.1
2,492.1
20,492.8
1,502.5
25,509.6
8,510.5
25,514.8
9,515.7
20,515.7
18,516.8
3,517.0
16,517.9
25,521.4
4,522.1
27,522.2
2,522.2
21,523.2
11,523.9
26,523.9
10,524.4
5,524.5
0,524.9
18,526.2
1,526.2
28,526.9
25,527.1
20,533.7
25,537.5
2,537.6
4,537.6
27,541.1
8,544.5
25,545.2
25,558.7
8,559.4
10,561.1
5,561.2
0,561.6
18,562.2
25,565.6
8,566.2
25,570.4
20,571.1
9,571.2
3,572.3
18,573.0
16,573.8
8,577.5
25,577.8
20,592.6
25,597.3
8,598.5
5,600.1
10,600.3
0,600.4
18,601.4
25,611.2
6,617.2
15,618.8
6,623.3
8,628.0
25,628.1
15,628.3
6,636.3
5,643.8
10,643.8
0,644.3
18,645.7
25,656.6
8,658.2
6,659.1
15,661.3
2,665.9
10,666.4
20,667.2
12,668.3
4,668.4
25,669.4
2,673.7
6,674.1
10,674.9
20,676.3
4,679.4
12,679.8
2,685.4
25,690.2
10,690.5
8,690.5
6,692.1
15,694.1
5,698.1
0,698.8
10,699.2
18,699.9
6,708.4
25,709.2
2,715.3
10,715.4
20,717.3
4,718.6
12,719.6
8,724.2
25,724.6
6,726.8
15,728.9
2,734.7
6,741.7
22,749.8
31,750.6
2,752.9
10,753.6
20,754.9
12,756.6
4,756.7
22,757.2
31,759.7
8,760.3
25,760.5
6,763.9
15,766.1
6,780.5
1,789.2
28,789.9
25,790.4
22,793.0
2,793.3
10,794.5
31,794.6
20,795.1
1,795.5
12,796.0
28,796.7
4,797.0
25,797.2
7,797.4
8,799.1
6,804.0
25,805.7
15,806.3
1,806.5
7,806.5
28,814.8
6,820.4
22,827.3
31,828.6
1,831.4
28,832.3
25,833.6
2,838.9
10,840.1
20,841.0
8,841.8
25,841.9
12,842.5
4,842.6
7,848.5
6,849.0
15,851.3
1,852.0
22,863.0
25,864.2
31,864.2
1,864.5
28,865.1
6,867.4
7,886.7
25,892.9
8,893.3
1,898.1
28,899.6
25,900.4
22,901.1
31,902.5
17,905.3
25,905.3
2,905.8
4,906.2
27,906.5
30,907.6
25,909.3
17,910.1
2,913.8
25,914.2
1,914.8
4,915.6
27,916.1
30,916.5
17,917.4
25,923.3
7,927.6
1,935.4
28,936.3
25,936.4
22,943.1
31,944.4
25,947.2
17,948.8
2,949.1
4,949.6
27,949.8
1,961.2
25,961.3
17,964.2
30,964.8
25,968.7
7,973.4
30,975.1
1,975.4
21,975.4
27,976.1
28,976.2
25,976.8
7,979.5
17,980.0
27,982.3
21,983.0
2,983.0
25,983.4
4,983.6
30,984.2
7,986.6
27,990.6
21,991.8
22,992.1
31,993.4
25,1001.2
17,1003.9
30,1005.8
25,1008.3
17,1014.5
25,1016.1
27,1017.7
2,1018.0
4,1018.8
30,1019.0
1,1019.9
28,1020.3
25,1022.6
21,1025.6
7,1026.3
27,1026.3
17,1027.7
30,1028.7
25,1039.6
21,1050.6
25,1054.1
17,1054.6
27,1055.4
2,1055.9
30,1056.4
4,1056.5
25,1060.1
17,1062.9
21,1063.4
30,1063.4
27,1064.1
7,1064.2
25,1073.2
30,1077.3
25,1096.0
17,1096.6
27,1096.7
2,1097.0
4,1097.0
21,1104.0
7,1105.0
27,1105.0
30,1105.8
21,1128.5
25,1143.2
2,1143.3
27,1143.7
17,1143.9
4,1144.5
21,1150.1
7,1151.0
27,1151.8
30,1152.4
21,1165.9
13,1188.3
22,1189.8
12,1189.9
13,1196.0
12,1199.6
18,1201.9
27,1202.2
22,1202.4
12,1207.2
18,1210.4
27,1212.8
13,1232.6
12,1233.3
22,1234.8
12,1243.1
18,1243.3
27,1243.6
13,1267.0
12,1268.0
22,1269.1
18,1275.9
27,1276.4
12,1276.9
13,1303.1
12,1304.2
22,1305.4
18,1309.7
27,1310.3
12,1315.0
13,1341.9
12,1342.0
22,1343.8
18,1345.4
27,1346.3
12,1354.4
12,1382.6
18,1384.0
13,1384.6
27,1385.1
22,1387.1
12,1395.0
25,1401.7
30,1401.8
17,1402.0
9,1405.5
25,1405.6
20,1405.6
3,1405.9
18,1406.9
16,1407.1
25,1410.2
30,1410.8
20,1411.4
28,1411.5
18,1412.0
27,1412.1
9,1412.4
23,1412.7
6,1412.9
17,1413.8
3,1414.5
16,1417.1
25,1417.2
18,1420.0
20,1422.7
27,1424.7
18,1427.2
12,1427.5
28,1432.1
13,1436.8
12,1438.0
22,1438.9
25,1445.6
20,1446.3
9,1446.4
18,1446.4
3,1447.6
16,1448.8
25,1454.2
30,1456.3
17,1456.8
20,1461.7
9,1461.8
25,1462.2
10,1464.0
9,1468.5
18,1469.2
28,1469.4
23,1470.1
27,1470.9
6,1471.4
10,1473.3
18,1476.3
9,1477.3
25,1478.1
12,1478.3
20,1479.0
27,1480.2
3,1480.6
16,1481.3
18,1484.2
9,1487.3
25,1490.0
20,1495.8
30,1496.0
17,1496.6
25,1496.7
9,1503.4
10,1504.7
25,1510.2
18,1511.1
28,1511.7
9,1511.9
20,1513.0
27,1513.3
23,1513.4
3,1513.8
6,1514.4
16,1515.0
25,1518.4
18,1520.8
9,1523.7
20,1528.9
9,1535.7
10,1536.5
25,1538.8
30,1539.8
17,1540.3
25,1547.2
9,1547.8
20,1549.4
3,1550.8
16,1551.8
18,1551.9
25,1555.4
9,1559.2
28,1561.6
18,1561.8
27,1563.0
23,1563.1
6,1563.9
20,1567.3
9,1569.8
10,1570.6
9,1587.1
25,1587.9
20,1588.2
18,1589.7
3,1589.7
16,1591.1
25,1598.7
30,1600.7
9,1601.1
17,1601.5
20,1604.3
10,1606.3
25,1607.5
9,1610.8
25,1631.0
9,1631.2
20,1631.6
3,1633.0
16,1634.0
18,1634.5
9,1641.5
10,1644.5
25,1645.4
20,1651.9
9,1653.6
15,1657.6
31,1658.0
15,1667.0
31,1667.5
9,1683.2
25,1685.0
20,1685.2
10,1686.4
3,1686.8
16,1687.7
18,1688.4
9,1689.8
20,1701.0
25,1704.4
15,1709.0
31,1709.7
9,1734.1
10,1734.5
15,1747.8
31,1748.1
31,1789.5
15,1789.6
26,1801.1
8,1802.0
17,1803.6
24,1804.4
26,1809.6
8,1814.1
15,1838.0
31,1838.1
26,1858.7
8,1860.0
17,1863.0
24,1864.4
30,1877.6
15,1877.8
29,1878.6
28,1879.2
4,1879.4
26,1882.0
15,1884.4
30,1884.4
29,1886.7
28,1889.1
4,1889.6
15,1891.5
30,1892.5
17,1899.6
26,1899.8
29,1901.0
4,1901.1
8,1901.2
25,1901.6
2,1901.7
27,1902.2
24,1905.5
17,1906.1
4,1909.7
25,1909.8
2,1910.5
27,1912.5
17,1919.9
30,1923.7
15,1923.7
4,1924.6
26,1924.7
29,1924.9
28,1925.3
17,1943.6
4,1944.3
2,1945.0
26,1945.0
25,1945.2
27,1945.6
8,1945.9
24,1947.9
17,1951.0
26,1953.2
15,1955.5
30,1955.6
29,1956.2
4,1956.2
8,1956.3
25,1957.6
27,1958.4
1,1958.4
28,1958.5
12,1958.6
19,1958.8
16,1959.1
26,1960.3
9,1960.4
24,1960.5
17,1960.6
25,1963.6
1,1965.2
27,1965.5
12,1965.6
19,1965.9
16,1966.3
8,1972.0
25,1972.9
9,1976.1
27,1976.8
17,1978.3
4,1978.4
2,1978.6
25,1980.7
19,1984.6
15,1988.0
30,1988.4
4,1989.5
29,1989.7
28,1991.7
26,1994.3
8,1995.4
17,1995.4
24,1999.3
25,2000.0
27,2000.3
1,2000.8
12,2001.0
16,2001.4
19,2001.6
9,2003.9
15,2007.2
25,2011.4
27,2012.4
17,2013.7
4,2014.0
2,2014.6
25,2022.7
30,2023.3
15,2023.9
4,2024.3
29,2024.6
28,2026.1
26,2028.8
17,2030.1
8,2030.3
24,2033.4
25,2033.9
27,2034.0
1,2034.3
12,2034.4
19,2035.0
16,2035.2
9,2037.8
25,2048.1
26,2050.0
27,2050.7
17,2052.3
4,2052.6
2,2053.1
25,2059.0
15,2060.5
30,2061.0
29,2062.3
4,2062.6
28,2064.4
26,2066.2
17,2067.3
8,2067.3
27,2069.0
25,2069.1
1,2069.5
12,2069.8
16,2070.2
19,2070.2
24,2071.2
9,2073.0
15,2082.9
25,2083.4
27,2092.7
25,2094.2
17,2094.4
2,2094.8
4,2094.8
30,2101.4
15,2102.2
29,2103.2
4,2104.3
28,2105.4
25,2105.7
26,2106.2
27,2106.7
1,2106.8
12,2106.9
16,2107.4
17,2107.5
8,2107.6
19,2107.7
9,2110.2
24,2110.3
25,2116.7
26,2131.5
4,2135.9
6,2136.1
29,2136.8
7,2136.9
16,2137.3
20,2138.2
4,2140.5
6,2142.3
27,2142.4
25,2142.5
17,2142.8
2,2143.3
7,2144.4
29,2145.3
4,2146.1
1,2147.4
12,2147.8
16,2148.2
25,2148.2
30,2148.2
19,2148.4
15,2148.6
27,2149.5
9,2149.9
8,2150.0
20,2150.1
17,2150.5
28,2151.6
26,2151.6
25,2152.7
29,2153.1
16,2153.2
6,2153.4
4,2154.0
8,2154.7
24,2155.1
17,2156.7
25,2159.6
16,2161.6
8,2162.3
17,2165.2
25,2165.8
1,2168.0
16,2169.9
8,2170.1
4,2175.3
6,2175.8
29,2176.7
7,2177.0
20,2178.9
25,2179.3
4,2189.3
25,2193.2
1,2193.7
16,2193.9
17,2194.0
12,2194.2
19,2194.7
27,2195.0
6,2196.4
9,2197.3
25,2204.0
16,2204.6
8,2205.8
17,2207.7
4,2208.1
6,2208.4
7,2209.0
29,2209.4
20,2211.2
25,2212.7
12,2214.2
13,2214.4
16,2215.6
22,2215.8
8,2221.0
13,2222.2
12,2224.0
4,2224.9
6,2229.8
22,2230.5
25,2232.9
0,2233.9
18,2234.4
3,2234.7
25,2240.6
4,2241.5
6,2241.7
7,2242.5
0,2242.6
29,2243.0
3,2243.5
18,2243.6
20,2244.5
25,2245.3
8,2245.7
16,2245.7
17,2247.5
25,2252.2
13,2257.5
6,2258.0
12,2258.8
22,2260.0
4,2260.4
8,2262.3
16,2270.1
25,2276.6
6,2276.9
4,2277.0
7,2278.0
29,2278.7
20,2279.1
0,2284.3
25,2284.6
3,2284.9
18,2285.2
8,2289.5
16,2289.8
25,2290.2
13,2291.6
17,2291.9
12,2292.9
22,2293.5
6,2298.8
25,2300.3
4,2300.6
8,2304.4
6,2315.0
4,2315.1
7,2316.0
29,2316.9
20,2317.8
25,2318.9
0,2319.5
18,2320.0
3,2320.1
25,2325.9
13,2326.9
0,2327.4
3,2327.8
12,2328.1
18,2328.3
22,2329.1
4,2333.0
25,2335.4
6,2344.4
4,2356.1
6,2356.6
3,2356.9
7,2357.2
29,2357.9
20,2359.0
25,2361.1
0,2361.7
18,2362.8
13,2365.1
12,2366.8
22,2367.1
3,2367.2
4,2371.9
25,2380.4
25,2393.5
0,2394.0
3,2394.7
18,2394.8
4,2404.2
6,2404.4
7,2405.5
29,2405.8
20,2406.9
13,2407.2
12,2408.9
22,2409.2
4,2422.2
6,2422.3
25,2426.1
0,2427.3
3,2427.8
18,2428.2
25,2444.8
2,2446.8
10,2447.9
20,2447.9
12,2448.6
4,2448.8
2,2454.4
12,2455.2
13,2455.9
10,2456.6
20,2456.7
22,2457.9
4,2459.4
25,2462.1
3,2462.8
0,2462.8
12,2463.5
18,2463.7
13,2464.6
2,2466.2
22,2467.0
15,2467.1
30,2467.1
29,2467.6
4,2468.3
28,2469.0
12,2473.1
15,2473.6
13,2473.7
30,2473.8
29,2474.9
22,2477.2
4,2477.4
28,2480.9
13,2481.8
12,2482.7
22,2486.5
15,2489.2
13,2491.6
30,2494.0
12,2495.1
2,2496.1
4,2496.5
10,2497.6
20,2497.7
25,2500.1
0,2500.8
3,2501.2
18,2501.7
30,2508.4
15,2508.5
4,2508.5
29,2508.8
28,2511.4
12,2515.5
13,2515.9
22,2517.6
2,2533.7
4,2534.8
10,2535.1
12,2535.2
20,2535.2
30,2540.7
15,2541.1
29,2541.5
25,2541.9
0,2541.9
3,2542.7
18,2542.8
28,2542.8
4,2543.4
13,2543.9
12,2545.0
22,2545.1
15,2554.6
6,2554.8
6,2561.0
15,2562.1
12,2572.4
13,2572.4
6,2572.5
22,2573.4
15,2573.7
4,2573.7
2,2574.1
30,2574.4
10,2575.4
29,2575.6
20,2575.8
28,2576.3
4,2584.6
15,2584.7
12,2585.2
25,2590.1
0,2590.3
3,2591.2
18,2591.3
29,2593.9
5,2594.8
9,2596.5
6,2596.7
15,2597.5
29,2600.2
5,2602.2
13,2602.5
22,2603.7
12,2604.1
9,2605.4
29,2607.8
15,2609.9
30,2610.8
28,2613.3
4,2613.3
29,2614.9
6,2614.9
2,2619.4
10,2620.8
12,2621.3
20,2621.3
15,2621.4
4,2622.8
6,2630.1
15,2631.8
22,2634.2
13,2634.2
12,2634.6
29,2640.0
5,2640.7
9,2642.3
6,2647.6
29,2648.8
15,2649.4
30,2650.1
4,2651.9
28,2653.0
29,2660.2
15,2662.9
6,2664.6
13,2667.6
12,2669.0
22,2669.1
7,2672.2
5,2675.6
29,2675.7
15,2677.4
9,2678.3
7,2680.9
6,2682.8
29,2688.9
15,2693.2
30,2693.4
28,2695.2
4,2695.9
29,2697.5
7,2700.5
15,2701.6
6,2701.8
13,2703.1
22,2704.1
12,2704.3
29,2712.7
5,2713.3
9,2715.8
15,2719.1
6,2722.3
7,2723.1
29,2726.4
13,2741.1
6,2741.9
12,2742.5
22,2742.8
15,2743.3
30,2746.5
29,2747.0
4,2748.5
28,2749.6
15,2750.2
29,2753.7
5,2754.1
9,2756.6
7,2761.0
6,2764.2
29,2765.4
13,2782.7
22,2784.1
12,2784.1
6,2786.9
15,2788.6
12,2797.0
18,2797.2
27,2798.0
29,2799.9
5,2800.2
7,2802.3
9,2802.7
18,2805.4
12,2806.5
6,2807.9
27,2811.0
29,2824.4
13,2830.9
12,2831.7
22,2832.9
18,2838.5
27,2839.7
12,2840.0
7,2849.9
18,2870.8
12,2871.0
27,2872.4
1,2895.5
2,2895.7
24,2896.0
18,2902.7
1,2903.0
25,2903.1
9,2903.5
20,2903.7
3,2904.4
2,2904.6
24,2904.6
16,2905.3
27,2905.3
12,2905.5
25,2907.5
4,2909.2
17,2909.2
18,2909.5
20,2909.7
9,2910.1
2,2910.9
25,2912.4
27,2912.4
3,2913.8
16,2915.9
17,2918.7
4,2919.2
25,2919.2
2,2919.6
20,2921.8
27,2923.8
18,2929.9
2,2939.7
1,2939.9
24,2940.6
18,2941.0
27,2941.1
12,2941.6
25,2943.4
9,2944.3
20,2944.5
3,2945.6
16,2947.4
18,2950.1
25,2950.5
2,2951.2
27,2952.0
17,2953.3
4,2953.5
25,2962.0
20,2962.8
2,2973.7
1,2974.1
24,2975.1
25,2977.0
18,2977.0
9,2977.3
20,2977.7
3,2978.6
27,2979.9
16,2980.0
12,2980.5
25,2984.6
2,2985.3
4,2987.2
18,2987.2
17,2987.5
27,2988.2
25,2996.4
20,2997.3
2,3009.5
1,3010.4
25,3011.3
24,3011.5
9,3011.6
20,3011.7
3,3013.2
18,3014.6
16,3014.7
25,3020.1
27,3020.2
2,3020.9
18,3022.7
17,3023.2
12,3023.3
4,3023.3
20,3026.6
27,3030.1
25,3032.0
9,3033.1
25,3047.8
9,3048.3
20,3048.3
2,3049.6
3,3049.7
1,3049.7
18,3050.0
24,3050.7
16,3051.0
25,3058.1
2,3059.5
27,3061.3
17,3061.6
4,3061.7
20,3066.7
25,3071.4
27,3073.6
18,3073.7
12,3074.0
13,3076.5
22,3077.9
12,3081.2
13,3083.9
25,3087.0
20,3087.4
9,3087.6
18,3088.4
3,3089.1
22,3089.2
16,3090.5
1,3092.9
2,3093.4
24,3094.1
12,3095.8
25,3099.4
2,3102.2
27,3102.5
17,3103.7
20,3103.8
4,3104.0
25,3112.3
13,3117.8
12,3119.4
22,3120.6
25,3130.7
20,3131.3
9,3131.3
3,3132.8
16,3134.2
18,3134.5
25,3144.9
1,3146.9
2,3147.5
24,3148.1
13,3150.9
20,3152.1
12,3152.3
27,3152.8
17,3153.0
22,3153.3
4,3153.4
25,3153.6
2,3157.1
13,3185.0
12,3186.1
22,3187.4
25,3187.6
9,3188.1
20,3188.1
3,3189.4
16,3190.7
18,3191.7
25,3201.8
20,3203.0
13,3221.3
12,3222.4
22,3223.6
6,3235.0
15,3236.6
1,3239.3
28,3239.9
25,3240.9
6,3241.3
1,3245.5
15,3246.0
28,3247.0
25,3250.7
6,3254.0
1,3256.5
13,3260.4
12,3261.9
22,3262.7
6,3275.8
15,3278.0
1,3283.4
28,3284.2
25,3285.6
6,3299.3
13,3303.8
12,3305.5
1,3306.1
22,3306.2
6,3308.9
15,3310.6
1,3318.0
28,3318.7
25,3320.1
6,3328.9
6,3342.3
15,3344.5
1,3353.8
28,3354.8
25,3356.9
13,3358.0
12,3359.6
22,3359.9
6,3368.7
6,3378.4
15,3380.5
1,3392.6
28,3393.7
25,3395.9
6,3403.3
1,3413.2
6,3417.1
15,3419.4
12,3431.4
31,3432.0
19,3432.7
1,3436.0
28,3437.0
25,3439.6
12,3439.6
31,3441.4
6,3443.5
19,3443.9
12,3446.8
31,3450.6
6,3459.8
15,3462.1
12,3485.9
31,3486.4
19,3487.5
1,3488.9
28,3490.0
25,3491.9
6,3511.5
15,3513.7
1,3518.0
12,3525.4
31,3526.1
19,3527.5
12,3547.1
12,3570.2
31,3570.5
19,3571.5
2,3607.9
25,3607.9
17,3608.3
4,3608.4
27,3608.6
6,3612.3
4,3612.7
7,3613.0
29,3613.8
20,3614.4
25,3615.9
2,3616.6
4,3617.5
17,3617.7
6,3618.4
27,3618.7
7,3620.3
29,3623.9
4,3625.1
20,3626.8
6,3631.6
4,3649.4
2,3651.0
25,3651.2
27,3651.5
17,3651.6
6,3652.1
7,3652.8
29,3654.4
20,3655.0
4,3656.3
6,3673.6
4,3682.2
6,3684.7
25,3684.8
2,3684.9
7,3685.0
17,3685.3
27,3685.5
29,3686.5
20,3686.6
4,3689.0
7,3702.7
6,3703.3
4,3716.1
6,3717.7
7,3718.2
29,3719.6
25,3719.8
2,3719.9
17,3720.3
27,3720.4
20,3720.5
4,3723.2
6,3749.2
4,3752.4
7,3753.9
29,3755.2
20,3756.0
25,3757.1
2,3757.3
27,3757.7
17,3757.7
6,3757.9
4,3759.3
13,3783.6
22,3784.6
12,3784.7
4,3790.5
6,3791.0
13,3791.5
7,3791.9
29,3793.2
20,3794.0
22,3796.0
12,3796.5
4,3797.0
25,3797.3
2,3797.9
17,3798.0
27,3798.2
4,3818.7
13,3826.6
12,3828.6
22,3828.9
4,3832.2
6,3832.2
7,3833.4
29,3834.7
20,3835.5
4,3841.2
25,3843.8
27,3843.9
2,3844.0
17,3844.1
6,3851.6
13,3859.7
4,3861.6
12,3862.0
22,3862.1
25,3874.2
20,3874.5
9,3874.6
3,3875.4
16,3876.1
18,3876.9
20,3879.2
4,3879.9
6,3880.0
25,3880.2
7,3881.0
9,3881.4
29,3881.7
3,3885.2
16,3885.3
20,3885.8
25,3892.6
13,3895.3
18,3896.1
22,3896.6
12,3897.0
6,3897.0
1,3899.9
2,3900.4
24,3900.7
4,3901.2
1,3907.5
2,3909.6
24,3909.8
20,3914.6
25,3914.6
9,3915.0
3,3916.5
16,3917.6
18,3919.0
5,3920.4
29,3921.1
9,3921.6
20,3922.7
31,3924.1
5,3924.6
19,3924.8
29,3927.9
9,3928.9
20,3929.1
5,3929.4
25,3931.9
13,3932.6
31,3933.9
12,3934.9
22,3935.0
5,3937.6
19,3939.1
29,3939.7
1,3943.4
2,3944.3
24,3944.3
9,3945.4
20,3945.7
25,3947.4
3,3949.1
16,3950.3
18,3951.6
20,3955.4
9,3957.5
5,3966.7
29,3967.1
25,3967.8
9,3968.9
13,3973.8
12,3975.5
22,3975.6
1,3977.5
24,3978.2
2,3978.6
9,3980.4
20,3981.0
25,3981.2
3,3982.6
5,3982.8
16,3983.9
18,3984.9
31,3985.3
19,3985.9
20,3986.6
5,3992.5
9,3996.0
20,3998.8
5,4002.0
29,4002.4
9,4006.2
1,4013.3
24,4014.2
2,4014.4
25,4016.7
9,4016.7
20,4016.9
3,4018.4
16,4020.0
13,4020.4
18,4021.2
5,4021.2
12,4022.6
22,4022.7
20,4029.6
5,4031.7
31,4032.9
19,4033.6
9,4034.5
5,4038.5
25,4038.8
20,4039.4
29,4039.9
9,4044.6
5,4048.9
1,4051.7
24,4052.7
2,4052.9
9,4055.3
20,4055.3
25,4055.7
3,4057.0
16,4058.6
18,4059.4
20,4067.7
9,4070.1
5,4080.3
29,4080.5
9,4082.0
1,4093.9
2,4094.7
24,4094.8
9,4097.2
25,4098.0
20,4098.0
3,4099.6
16,4100.9
18,4102.1
9,4112.0
20,4112.4
25,4120.2
5,4123.7
20,4125.5
31,4125.7
19,4126.2
29,4126.9
5,4128.2
9,4128.4
20,4134.5
31,4135.7
5,4135.9
19,4139.9
1,4143.2
24,4144.3
2,4144.4
20,4148.3
9,4148.4
25,4148.9
3,4150.4
16,4151.8
18,4153.0
20,4160.0
25,4164.9
9,4169.1
5,4170.2
20,4171.6
31,4171.8
19,4172.5
5,4182.0
31,4187.7
15,4188.9
31,4196.6
15,4198.3
31,4208.1
5,4209.0
20,4210.3
19,4211.2
31,4219.5
5,4222.5
31,4239.5
15,4240.1
5,4250.9
31,4251.1
20,4252.5
19,4253.1
5,4265.1
31,4266.2
31,4278.2
15,4278.4
5,4300.0
31,4300.2
20,4301.5
19,4302.0
5,4316.2
31,4316.7
15,4319.7
23,4323.3
12,4324.0
22,4324.3
10,4324.6
15,4324.8
6,4325.0
3,4325.0
28,4326.3
23,4329.9
15,4330.6
12,4331.6
22,4331.9
10,4332.2
31,4333.9
3,4334.7
6,4334.9
15,4341.5
28,4342.6
23,4342.8
15,4365.9
31,4367.3
23,4368.7
12,4369.1
22,4369.9
10,4370.2
3,4371.1
6,4371.2
15,4372.5
28,4373.5
15,4403.3
23,4403.6
22,4404.6
12,4404.7
10,4405.4
3,4405.9
6,4406.4
28,4408.3
15,4418.3
30,4435.1
25,4435.1
17,4435.8
15,4440.8
23,4441.0
12,4441.9
22,4442.1
10,4442.4
25,4443.1
3,4443.3
6,4443.6
30,4444.3
28,4445.2
17,4450.5
15,4458.5
15,4481.2
23,4481.5
12,4482.0
10,4482.7
22,4482.7
3,4483.0
6,4483.6
28,4484.8
1,4486.0
24,4487.0
2,4487.2
25,4490.6
30,4491.2
17,4492.2
1,4493.2
24,4495.8
15,4496.9
2,4497.3
25,4504.0
25,4514.8
0,4515.1
3,4515.5
18,4515.7
1,4519.3
25,4522.5
0,4523.5
3,4523.8
18,4524.3
15,4526.8
23,4527.1
12,4527.8
22,4527.9
10,4528.5
6,4529.4
1,4529.7
2,4529.7
24,4530.0
3,4530.7
28,4531.2
25,4531.5
30,4534.0
17,4534.8
25,4539.3
15,4542.0
3,4557.2
1,4562.1
24,4563.2
2,4563.6
25,4563.8
0,4565.2
18,4565.6
3,4566.7
25,4579.7
30,4584.1
17,4584.8
25,4586.9
1,4596.9
24,4597.9
2,4598.4
25,4600.5
9,4601.3
10,4601.7
18,4602.1
0,4602.6
3,4602.9
9,4608.8
10,4610.6
25,4612.1
1,4633.8
24,4634.9
2,4635.5
9,4642.1
25,4642.2
10,4642.4
0,4642.9
3,4643.3
18,4643.5
15,4652.8
31,4653.2
31,4662.2
15,4662.2
1,4673.9
9,4674.5
24,4675.0
10,4675.0
2,4675.9
17,4683.5
26,4684.8
25,4687.7
18,4687.9
0,4688.0
3,4688.9
17,4691.5
12,4691.7
27,4692.2
18,4693.7
26,4695.5
15,4701.7
31,4702.3
18,4702.6
12,4702.9
27,4705.6
9,4707.8
10,4708.6
1,4719.7
24,4720.2
2,4721.1
17,4731.6
18,4731.7
12,4733.3
27,4733.8
26,4734.0
31,4738.3
15,4738.3
9,4743.7
10,4744.3
18,4764.6
12,4766.2
27,4766.6
17,4768.2
26,4770.5
15,4777.2
31,4777.3
9,4782.0
10,4782.7
18,4798.8
12,4800.1
27,4800.5
17,4807.1
26,4809.6
15,4819.7
31,4820.1
9,4824.3
10,4824.8
18,4834.9
12,4835.5
27,4836.6
6,4839.3
15,4840.1
6,4845.6
15,4848.4
17,4850.4
26,4852.8
6,4858.6
15,4869.7
31,4871.1
18,4873.6
9,4873.6
12,4873.7
10,4874.2
27,4874.8
6,4881.3
15,4881.5
6,4894.4
17,4903.5
26,4905.9
6,4914.2
15,4916.3
18,4916.4
12,4917.6
27,4918.2
6,4929.4
8,4942.0
25,4942.3
8,4948.9
6,4949.2
25,4949.6
15,4951.2
18,4968.6
12,4969.7
27,4970.1
6,4970.2
8,4985.2
25,4985.8
6,4986.4
15,4988.5
6,5006.2
25,5019.6
8,5019.6
6,5026.5
15,5028.8
6,5044.5
8,5055.2
25,5055.7
1,5070.0
2,5070.7
24,5070.8
6,5072.1
15,5074.3
1,5077.5
24,5079.6
2,5080.6
8,5093.7
25,5093.8
6,5100.6
1,5112.8
24,5113.8
2,5114.2
8,5136.0
25,5136.3
1,5145.8
24,5147.2
2,5147.6
1,5180.8
2,5181.8
24,5181.9
8,5185.6
25,5185.9
1,5218.0
24,5218.8
2,5219.4
1,5258.3
2,5259.2
24,5259.3
1,5298.5
24,5299.2
2,5299.2
1,5306.0
24,5308.2
2,5308.9
1,5324.9
28,5326.3
25,5327.8
1,5331.2
28,5333.3
1,5336.4
24,5338.8
2,5339.1
25,5339.4
1,5345.5
1,5367.3
2,5369.9
24,5370.1
28,5370.5
25,5373.0
1,5373.7
1,5394.8
2,5396.0
4,5396.1
27,5396.4
21,5396.7
26,5397.4
11,5397.4
25,5398.0
2,5400.7
1,5401.9
24,5402.2
4,5402.3
27,5402.8
21,5404.0
25,5404.4
26,5404.9
28,5404.9
11,5405.2
2,5407.1
1,5408.8
4,5412.3
25,5418.9
27,5419.5
2,5433.3
1,5433.6
24,5435.8
4,5438.6
27,5438.9
2,5439.0
25,5439.2
21,5439.5
1,5439.6
26,5439.9
11,5440.2
28,5441.0
15,5444.2
23,5444.3
12,5445.0
22,5445.2
10,5445.6
3,5445.8
6,5446.0
28,5447.8
1,5449.4
2,5450.2
15,5450.7
23,5451.0
25,5451.7
12,5452.6
22,5452.8
10,5453.2
3,5455.4
6,5456.0
4,5456.8
28,5457.7
15,5460.8
23,5464.6
2,5470.2
1,5470.6
27,5472.3
24,5472.3
4,5472.5
21,5473.3
11,5473.9
26,5473.9
25,5475.6
2,5477.1
1,5478.3
28,5479.4
25,5487.2
1,5488.5
15,5489.0
23,5489.2
28,5489.3
12,5489.9
22,5490.4
10,5490.7
3,5491.6
6,5491.7
4,5492.4
10,5497.8
5,5498.5
0,5498.9
18,5499.8
15,5503.8
10,5505.2
5,5506.4
2,5506.8
27,5507.3
4,5507.6
0,5507.8
21,5508.2
11,5508.7
26,5509.0
1,5509.8
25,5510.0
18,5511.4
24,5511.5
2,5513.7
10,5516.8
1,5520.8
28,5522.1
25,5523.7
5,5523.8
15,5523.9
23,5524.0
12,5524.9
22,5525.3
10,5525.4
6,5526.3
3,5526.5
4,5528.1
28,5530.3
1,5531.5
27,5535.5
15,5540.2
2,5544.4
10,5544.9
4,5545.2
27,5545.8
21,5546.0
26,5546.7
11,5546.7
0,5547.1
5,5547.2
25,5547.7
18,5548.7
2,5551.6
1,5553.1
24,5554.1
10,5558.7
15,5560.6
23,5560.7
12,5561.5
28,5561.9
22,5562.1
6,5562.6
3,5563.1
2,5563.2
4,5563.7
10,5569.5
27,5573.5
1,5574.1
28,5574.6
25,5577.8
15,5582.9
10,5583.3
5,5584.1
0,5584.2
2,5585.8
18,5585.9
4,5586.1
27,5586.3
11,5586.9
21,5587.0
1,5587.4
26,5587.7
25,5588.9
28,5589.2
23,5599.4
2,5599.6
10,5600.2
15,5600.6
27,5601.0
22,5601.5
12,5601.5
28,5603.1
6,5603.1
3,5603.2
4,5605.4
1,5606.6
24,5608.3
2,5609.5
23,5613.7
10,5618.0
5,5623.3
0,5623.8
18,5625.8
10,5627.4
2,5632.6
4,5633.0
27,5633.2
21,5633.9
11,5634.3
26,5634.5
25,5637.0
15,5644.5
12,5644.5
23,5645.1
10,5645.7
22,5646.3
6,5647.3
31,5647.3
3,5647.6
2,5647.7
19,5648.0
28,5648.2
12,5649.4
7,5650.4
4,5653.5
31,5656.2
12,5657.9
7,5659.3
19,5660.2
15,5660.9
31,5663.4
10,5665.2
12,5665.8
5,5667.2
0,5667.8
18,5669.7
10,5684.2
7,5701.7
12,5702.3
31,5702.6
19,5703.8
12,5721.6
10,5725.1
5,5725.3
0,5725.4
18,5727.6
7,5740.0
12,5742.5
31,5742.7
19,5743.8
12,5769.9
7,5782.0
31,5787.2
12,5787.3
10,5787.4
9,5787.6
19,5788.1
9,5795.2
10,5795.9
31,5814.6
9,5827.5
10,5827.7
7,5830.1
9,5860.1
10,5860.1
9,5893.3
10,5893.5
9,5928.7
10,5928.9
9,5966.6
10,5966.8
9,6008.0
10,6008.4
30,6009.3
15,6009.6
29,6010.4
4,6010.9
28,6011.4
30,6016.0
15,6016.1
29,6018.3
4,6022.8
28,6024.5
15,6034.2
30,6035.5
30,6052.4
15,6052.6
29,6053.6
4,6055.6
9,6055.7
28,6055.7
10,6056.1
30,6085.7
15,6085.9
29,6087.0
28,6088.5
4,6089.4
15,6121.3
30,6121.4
29,6122.6
4,6123.5
28,6124.7
30,6159.3
15,6159.4
29,6160.4
4,6162.4
28,6162.6
30,6200.8
15,6201.0
29,6201.9
4,6204.1
28,6204.3
25,6220.4
1,6220.7
12,6220.9
19,6221.4
16,6221.5
27,6221.9
9,6222.2
25,6226.6
1,6227.5
12,6228.1
19,6228.4
16,6228.8
27,6229.9
9,6234.8
25,6238.7
30,6248.3
15,6248.6
29,6249.5
4,6251.3
28,6252.0
1,6255.6
25,6262.6
12,6263.2
16,6263.2
19,6263.6
27,6264.2
1,6264.3
9,6265.5
25,6282.2
16,6294.6
25,6296.4
1,6296.5
12,6296.6
19,6297.2
27,6297.8
9,6299.3
16,6310.6
25,6320.2
1,6330.9
25,6331.2
12,6331.3
16,6331.9
19,6332.1
27,6332.7
9,6334.4
25,6355.5
1,6368.6
25,6368.7
12,6369.0
19,6369.4
16,6369.5
27,6370.2
9,6371.4
25,6408.8
1,6409.2
12,6409.3
19,6410.0
16,6410.1
27,6410.2
9,6412.6
25,6427.6
25,6454.9
1,6455.0
12,6455.4
19,6455.9
16,6455.9
27,6456.6
9,6458.1
19,6470.0
5,6470.0
31,6470.9
20,6471.3
5,6477.8
19,6478.9
25,6480.1
31,6481.5
20,6482.6
6,6518.4
4,6518.4
7,6519.3
29,6520.0
20,6520.4
4,6524.5
6,6524.6
7,6526.7
20,6528.8
5,6530.0
29,6530.2
31,6531.1
19,6531.3
4,6532.7
30,6533.5
15,6533.7
28,6535.5
29,6536.6
20,6538.5
6,6539.4
15,6540.2
30,6540.3
4,6540.6
29,6545.6
28,6549.5
4,6557.4
6,6558.4
29,6558.7
7,6559.2
20,6560.4
15,6561.6
30,6562.6
4,6569.0
29,6573.6
9,6573.7
10,6574.0
30,6574.5
15,6574.6
28,6577.0
5,6577.8
20,6578.5
31,6578.9
19,6579.3
4,6580.0
25,6580.0
30,6580.1
17,6580.7
9,6581.5
10,6582.7
30,6587.0
25,6588.0
29,6589.7
20,6590.1
6,6590.2
4,6590.4
7,6591.6
17,6595.1
4,6604.6
30,6605.6
29,6606.0
15,6606.7
6,6607.7
28,6609.4
9,6613.2
10,6613.7
30,6620.2
4,6622.1
29,6622.8
6,6624.0
7,6624.7
20,6625.9
4,6632.5
30,6636.7
25,6637.2
17,6638.2
29,6639.6
15,6640.5
4,6642.3
30,6642.4
28,6643.9
25,6644.6
9,6645.1
17,6645.6
10,6645.6
2,6645.7
27,6646.1
6,6648.6
4,6649.2
25,6651.4
17,6653.3
2,6654.2
30,6655.3
27,6655.4
4,6657.5
29,6658.3
6,6659.6
7,6660.1
20,6661.9
25,6665.6
4,6665.7
29,6675.6
15,6675.9
30,6676.0
4,6676.9
6,6678.1
9,6678.2
10,6678.5
28,6679.3
25,6679.5
17,6679.5
30,6681.8
1,6684.6
7,6685.1
25,6685.4
28,6685.7
17,6688.5
4,6688.7
25,6690.2
2,6690.4
27,6690.7
1,6691.0
28,6692.3
8,6693.3
25,6694.4
30,6695.3
4,6696.3
29,6696.9
6,6697.3
7,6698.2
25,6699.3
20,6699.8
8,6700.2
15,6700.3
1,6702.8
17,6704.6
4,6706.1
25,6707.5
28,6708.9
9,6713.0
10,6713.5
29,6714.8
30,6714.9
15,6715.4
4,6716.7
6,6718.4
28,6720.5
25,6722.8
17,6724.6
27,6724.7
8,6724.7
2,6724.7
4,6724.9
30,6727.7
25,6727.8
1,6728.6
28,6729.4
17,6731.6
25,6733.2
8,6736.9
4,6737.8
30,6738.4
25,6738.8
6,6738.9
29,6738.9
7,6739.7
20,6741.7
12,6742.5
31,6742.7
19,6743.3
1,6745.8
4,6748.9
25,6749.8
9,6750.5
10,6750.9
12,6751.0
31,6751.5
17,6751.7
19,6754.3
26,6754.5
30,6757.1
4,6757.6
29,6757.6
15,6757.7
17,6757.8
12,6758.3
28,6759.1
31,6759.2
25,6759.7
2,6760.6
27,6760.8
1,6762.9
17,6764.0
26,6765.4
28,6766.4
25,6767.5
4,6767.8
8,6770.9
25,6774.7
19,6776.9
30,6777.1
1,6778.7
17,6779.5
4,6786.2
6,6786.5
29,6787.1
7,6787.7
20,6789.8
9,6791.3
10,6791.6
4,6796.4
12,6796.6
25,6796.6
31,6796.9
19,6797.9
17,6798.1
1,6799.0
2,6799.7
28,6799.7
27,6800.0
26,6803.6
25,6803.7
6,6804.2
17,6806.0
8,6806.7
4,6807.2
30,6808.3
15,6808.9
29,6808.9
28,6808.9
25,6810.9
12,6811.2
1,6814.0
4,6827.6
15,6831.7
31,6832.7
12,6835.8
19,6837.0
17,6837.1
9,6837.2
1,6837.8
10,6837.9
25,6837.9
31,6838.2
28,6838.3
26,6839.2
15,6841.3
4,6841.9
2,6842.7
27,6843.0
25,6843.3
17,6844.5
31,6844.5
8,6845.0
25,6850.7
12,6853.0
1,6856.9
28,6858.9
27,6860.7
18,6861.4
6,6861.6
23,6861.8
31,6862.7
28,6868.3
17,6875.8
25,6878.4
26,6878.9
12,6879.4
31,6879.7
28,6880.5
1,6880.5
19,6880.7
27,6883.9
15,6884.2
31,6886.0
25,6886.1
8,6887.1
17,6891.7
25,6892.3
4,6892.8
28,6894.3
2,6894.4
12,6894.6
27,6895.5
1,6897.9
25,6902.9
31,6908.4
28,6916.4
27,6917.6
18,6917.9
17,6918.4
6,6918.7
23,6918.8
26,6921.7
31,6922.8
15,6923.0
28,6932.2
1,6932.9
25,6933.5
31,6935.2
8,6936.4
12,6936.4
19,6937.8
25,6941.5
31,6946.3
28,6947.0
12,6953.7
28,6959.2
27,6960.2
18,6960.8
6,6961.3
23,6961.4
31,6963.9
15,6964.8
17,6972.8
26,6974.5
28,7008.6
23,7008.8
6,7009.1
15,7009.5
18,7010.5
27,7011.0
12,7011.1
10,7011.7
22,7011.7
3,7012.5
31,7012.7
23,7014.3
15,7014.5
28,7015.8
6,7016.2
12,7018.5
10,7019.2
22,7019.3
15,7020.5
23,7021.0
3,7022.5
28,7027.6
6,7029.6
15,7035.2
15,7055.4
23,7055.6
12,7056.3
22,7057.0
10,7057.2
6,7057.7
28,7058.3
3,7058.4
15,7070.7
23,7090.1
15,7090.5
12,7091.3
22,7092.0
10,7092.2
6,7092.8
3,7093.3
28,7093.9
15,7103.5
23,7108.0
15,7127.5
23,7127.8
10,7128.2
12,7128.5
22,7128.9
6,7130.0
3,7130.5
28,7131.3
9,7131.7
10,7134.1
1,7139.3
9,7139.4
28,7139.7
25,7141.6
10,7143.2
15,7144.2
1,7145.8
28,7146.2
23,7151.2
25,7152.8
26,7154.7
8,7155.3
17,7156.8
28,7157.8
24,7158.1
1,7158.2
26,7163.2
8,7165.8
10,7167.2
15,7167.6
23,7167.9
12,7168.5
22,7169.1
6,7170.1
9,7170.1
28,7170.4
3,7170.6
10,7174.8
28,7181.1
1,7181.1
25,7184.3
15,7184.7
28,7199.0
10,7201.0
9,7201.5
1,7207.6
28,7212.6
26,7212.6
15,7212.8
23,7213.0
10,7213.1
12,7213.6
8,7213.6
22,7214.1
6,7214.9
1,7215.4
3,7215.7
17,7216.0
25,7216.9
24,7218.1
28,7221.2
10,7230.9
15,7232.3
9,7233.6
1,7247.9
28,7248.3
25,7251.4
26,7253.7
8,7254.7
17,7257.0
24,7259.1
9,7266.7
1,7267.2
10,7267.5
25,7268.4
12,7269.0
19,7269.5
16,7269.6
27,7270.0
9,7273.5
1,7273.6
25,7274.4
12,7275.9
19,7276.6
16,7276.8
27,7277.3
4,7280.4
2,7280.4
25,7280.6
26,7280.6
21,7281.1
11,7281.3
1,7282.1
27,7282.4
28,7284.8
25,7285.9
4,7286.5
2,7286.6
26,7287.9
27,7288.0
21,7288.4
9,7288.9
11,7289.1
1,7289.5
2,7292.2
24,7293.3
25,7293.5
1,7295.1
4,7298.6
2,7298.8
26,7298.8
27,7299.1
24,7299.8
8,7301.4
1,7302.5
17,7303.5
9,7303.8
10,7304.2
25,7309.3
26,7309.3
1,7309.9
12,7310.6
19,7311.4
27,7311.4
16,7311.5
24,7311.9
9,7312.3
8,7314.6
25,7314.8
2,7318.0
28,7319.2
25,7320.2
1,7320.5
8,7321.2
27,7321.6
4,7322.7
26,7323.6
21,7323.7
11,7323.9
25,7324.8
2,7325.2
28,7328.0
1,7328.1
8,7331.5
25,7332.2
27,7332.3
2,7335.4
1,7335.8
24,7337.4
4,7340.3
9,7341.8
25,7342.6
1,7342.6
10,7343.4
12,7343.9
27,7344.1
19,7344.4
16,7344.4
9,7351.1
1,7351.9
25,7352.5
2,7354.4
27,7355.1
4,7356.3
11,7357.3
8,7357.4
21,7357.5
25,7357.5
26,7357.7
12,7361.1
2,7364.0
27,7364.7
25,7365.0
1,7366.1
28,7367.7
4,7370.8
1,7371.8
24,7371.9
2,7372.5
25,7375.0
1,7377.4
8,7377.5
12,7378.5
27,7378.5
16,7378.9
19,7379.1
9,7380.4
25,7381.7
1,7386.0
10,7386.9
9,7387.8
25,7389.6
27,7390.3
8,7390.9
2,7391.1
4,7391.5
21,7392.4
11,7392.6
26,7393.0
25,7396.2
27,7400.6
2,7403.3
1,7405.7
4,7406.3
24,7408.0
25,7412.7
1,7413.8
12,7415.3
27,7415.7
19,7415.8
9,7415.8
16,7416.1
2,7416.4
1,7420.6
25,7420.6
28,7422.9
8,7425.2
25,7425.9
1,7428.0
27,7428.1
2,7429.1
4,7429.3
21,7429.9
26,7430.5
11,7430.7
25,7431.9
27,7438.3
9,7441.1
10,7442.2
2,7442.6
1,7443.8
4,7444.6
8,7444.6
28,7444.9
25,7445.1
24,7446.8
1,7453.2
25,7455.0
9,7455.3
12,7455.5
27,7455.8
16,7456.2
19,7456.2
2,7459.3
25,7461.1
8,7462.2
4,7462.3
6,7462.5
1,7462.6
7,7463.4
29,7464.0
20,7464.6
4,7467.7
27,7468.6
25,7468.7
6,7468.8
2,7469.2
7,7470.8
21,7470.8
4,7471.4
11,7471.5
26,7471.7
17,7472.4
25,7473.6
27,7473.8
29,7474.1
2,7474.6
4,7476.4
20,7476.9
25,7479.5
27,7480.3
17,7481.0
2,7481.7
6,7483.6
4,7483.8
1,7487.7
15,7487.9
12,7488.1
23,7488.1
2,7488.8
10,7488.9
22,7488.9
24,7489.3
8,7489.7
3,7489.9
28,7490.4
6,7491.5
25,7491.7
15,7494.2
23,7494.6
12,7495.4
27,7495.6
10,7496.1
22,7496.4
1,7498.4
25,7499.3
3,7499.4
6,7499.9
4,7500.7
19,7500.7
12,7501.0
16,7501.1
28,7501.4
8,7502.5
7,7502.6
9,7503.0
29,7503.5
15,7504.2
27,7504.3
20,7504.5
25,7505.3
23,7507.9
6,7508.1
1,7509.2
4,7511.3
2,7512.5
25,7513.3
12,7513.9
27,7514.2
17,7516.2
4,7516.5
2,7517.7
21,7518.1
26,7518.6
11,7518.6
25,7519.4
10,7519.8
27,7520.5
4,7524.1
2,7525.5
1,7527.2
24,7528.4
15,7530.7
23,7530.7
6,7531.2
12,7531.2
25,7531.6
22,7532.1
10,7532.2
2,7532.2
4,7532.8
3,7533.0
28,7533.9
1,7534.1
7,7534.2
27,7535.1
29,7535.7
20,7536.1
24,7536.8
6,7538.2
2,7542.5
4,7542.6
15,7545.7
23,7545.8
25,7545.8
8,7547.0
27,7549.3
17,7549.6
2,7550.8
4,7550.9
1,7551.1
25,7552.4
15,7564.1
6,7564.3
23,7564.4
12,7564.9
10,7565.5
4,7565.5
22,7565.7
2,7566.3
3,7567.1
1,7567.1
7,7567.6
28,7568.2
24,7568.3
29,7568.7
20,7569.6
25,7570.0
6,7571.3
4,7576.0
15,7579.3
2,7583.0
25,7584.5
4,7584.7
27,7584.9
17,7585.6
2,7596.9
1,7597.8
23,7598.6
15,7599.2
6,7599.3
24,7599.8
4,7600.0
12,7600.1
10,7600.6
22,7600.6
3,7601.2
7,7602.6
28,7603.0
29,7603.6
20,7604.2
6,7606.4
4,7609.9
23,7612.0
1,7614.2
15,7615.8
2,7620.2
25,7621.9
4,7622.3
17,7623.0
27,7623.2
2,7629.4
1,7630.8
24,7632.1
15,7636.8
6,7636.8
23,7636.9
12,7637.6
10,7637.9
4,7637.9
22,7638.2
3,7639.4
7,7640.0
28,7640.7
29,7641.0
20,7641.5
6,7643.7
2,7644.9
4,7649.3
15,7654.7
23,7662.0
2,7662.6
25,7663.9
4,7664.3
1,7665.0
27,7665.2
17,7665.3
24,7666.4
29,7669.6
5,7669.8
9,7671.1
2,7671.7
29,7676.2
5,7677.2
6,7677.6
15,7677.7
23,7677.9
12,7678.5
22,7678.7
4,7678.8
10,7679.2
9,7679.3
7,7679.8
3,7680.4
28,7681.5
21,7682.2
27,7682.3
29,7682.4
20,7682.7
30,7684.2
6,7684.6
7,7685.8
21,7689.3
4,7690.9
27,7691.4
15,7692.7
7,7692.7
30,7694.3
21,7697.2
29,7698.8
1,7701.7
2,7701.9
24,7702.7
9,7709.2
10,7709.5
27,7709.9
2,7711.4
25,7712.2
4,7712.5
17,7713.4
9,7714.5
29,7715.5
5,7715.7
10,7717.8
9,7722.5
6,7723.8
15,7724.1
23,7724.2
12,7724.9
4,7725.0
29,7725.2
22,7725.4
10,7725.4
7,7726.2
3,7726.6
28,7728.1
20,7728.5
27,7728.6
2,7729.7
6,7731.0
21,7732.4
7,7732.8
30,7735.2
4,7736.8
15,7740.7
27,7740.7
1,7741.2
2,7742.1
24,7742.4
29,7744.7
10,7745.6
9,7747.2
21,7749.7
7,7750.3
5,7751.0
29,7752.5
9,7755.0
7,7765.5
21,7770.2
7,7771.2
27,7771.6
30,7773.0
7,7777.8
9,7778.5
10,7779.0
1,7785.0
2,7785.9
24,7786.3
29,7787.8
21,7788.0
9,7788.2
5,7788.3
7,7800.7
29,7806.0
9,7809.6
21,7810.9
10,7811.8
7,7812.1
27,7812.5
30,7813.2
7,7819.3
9,7826.9
29,7828.7
5,7829.0
21,7829.6
9,7843.3
1,7843.9
2,7844.6
24,7845.1
10,7845.6
29,7846.4
7,7854.3
21,7857.2
27,7858.9
30,7859.8
9,7859.9
7,7862.1
29,7874.8
5,7875.1
9,7876.5
21,7879.5
10,7882.3
9,7883.7
7,7896.3
7,7904.5
7,7913.8
9,7920.7
10,7920.9
7,7942.6
9,7964.2
10,7964.8
7,7975.8
7,8010.5
9,8018.5
10,8019.1
7,8047.3
17,8067.5
26,8068.8
17,8075.6
26,8079.5
7,8086.8
17,8115.5
26,8116.9
12,8118.9
31,8119.4
19,8120.1
12,8127.2
31,8128.6
7,8131.4
19,8132.2
12,8134.6
31,8136.1
17,8151.9
26,8154.1
12,8174.1
31,8174.7
19,8175.8
17,8190.5
26,8193.0
12,8203.6
31,8214.5
12,8214.6
19,8215.1
31,8230.0
17,8233.4
26,8235.5
12,8258.9
31,8259.1
19,8260.2
17,8285.4
26,8287.7
10,8294.5
5,8294.8
0,8294.9
18,8296.2
10,8302.5
5,8302.7
0,8303.9
18,8308.0
5,8328.1
29,8329.7
9,8330.9
5,8335.3
29,8336.5
9,8339.8
5,8341.6
10,8343.2
0,8343.8
18,8346.0
5,8350.9
29,8352.3
5,8373.4
29,8374.1
9,8376.3
5,8379.7
10,8380.2
0,8380.3
18,8382.9
5,8385.5
31,8387.4
20,8387.9
19,8387.9
5,8391.0
31,8397.2
19,8398.3
20,8399.5
5,8401.6
29,8408.5
5,8409.1
9,8410.8
5,8417.9
10,8419.5
0,8419.7
18,8422.2
1,8428.6
5,8429.0
24,8429.3
2,8429.7
1,8435.9
24,8438.1
2,8440.0
5,8443.7
29,8444.9
9,8447.2
31,8448.2
19,8448.6
20,8448.8
5,8449.3
5,8459.8
10,8463.2
0,8463.4
18,8465.5
5,8468.4
1,8472.3
24,8472.5
2,8473.9
5,8482.6
29,8484.0
9,8486.4
5,8493.1
18,8495.2
20,8495.8
12,8495.9
31,8495.9
27,8496.1
19,8496.4
5,8501.8
18,8503.3
1,8506.2
12,8506.3
24,8506.7
27,8507.4
2,8507.7
30,8509.1
25,8509.1
17,8509.7
25,8517.1
30,8518.2
5,8520.2
18,8520.9
10,8521.3
0,8521.8
17,8523.3
5,8526.3
2,8526.7
27,8527.0
4,8527.1
29,8527.3
21,8527.9
26,8528.3
11,8528.3
25,8528.4
9,8529.8
27,8532.8
2,8532.8
4,8533.3
21,8535.2
18,8535.5
26,8535.8
5,8536.4
11,8536.4
12,8537.6
25,8537.9
27,8539.4
2,8539.7
1,8541.6
24,8542.5
4,8545.1
2,8551.6
25,8565.0
30,8565.4
17,8565.8
27,8567.2
2,8569.0
18,8569.0
21,8569.0
4,8569.2
12,8569.7
11,8570.4
26,8570.7
25,8571.7
27,8574.5
2,8577.9
1,8579.7
24,8580.4
5,8581.1
29,8581.5
9,8583.5
4,8587.7
21,8593.1
2,8595.0
27,8600.9
4,8602.9
18,8603.1
2,8603.4
21,8603.9
12,8603.9
11,8604.3
26,8604.3
25,8605.1
30,8607.9
27,8608.4
17,8608.7
25,8612.1
2,8619.1
4,8620.4
1,8621.4
24,8622.4
25,8633.0
8,8633.7
27,8635.9
2,8636.1
4,8637.6
25,8638.3
21,8638.4
11,8638.6
26,8639.1
18,8639.2
12,8640.0
8,8640.5
27,8643.0
25,8645.7
2,8646.7
25,8656.8
4,8657.4
30,8657.8
17,8658.6
8,8659.0
25,8667.3
2,8670.0
1,8670.0
24,8670.8
27,8674.0
4,8674.9
25,8675.2
21,8675.6
2,8675.8
11,8676.3
6,8676.4
26,8676.4
8,8677.2
18,8677.7
15,8677.9
12,8678.6
27,8681.4
6,8682.5
25,8683.0
15,8686.7
4,8688.1
2,8688.3
6,8694.9
25,8710.8
8,8710.9
27,8715.1
2,8715.2
4,8715.3
21,8716.2
26,8716.9
11,8717.0
25,8718.3
6,8718.4
18,8720.2
15,8720.6
12,8720.7
27,8722.3
4,8729.2
2,8731.1
6,8736.9
25,8745.4
8,8746.7
6,8751.9
15,8754.0
25,8760.0
4,8761.0
2,8761.0
27,8761.2
21,8761.9
26,8762.7
11,8762.7
27,8769.4
18,8771.2
12,8772.3
6,8777.9
2,8778.1
4,8778.5
25,8783.6
8,8784.9
27,8787.2
6,8787.2
15,8788.4
25,8802.4
21,8803.7
27,8804.5
7,8804.8
30,8805.5
21,8810.9
27,8813.5
7,8813.8
30,8814.4
21,8819.0
6,8823.9
15,8825.7
8,8826.9
25,8827.1
23,8829.2
12,8829.6
6,8829.9
22,8830.0
10,8830.4
15,8830.7
3,8830.8
28,8832.0
23,8835.8
15,8836.4
6,8837.0
12,8837.1
22,8837.6
10,8838.0
3,8840.6
28,8842.7
23,8843.9
27,8844.7
6,8844.8
18,8845.4
15,8846.8
28,8850.6
27,8852.6
23,8853.0
21,8853.1
7,8854.5
30,8855.5
6,8857.2
18,8858.4
6,8864.6
15,8865.0
27,8866.8
23,8867.4
21,8868.1
12,8868.3
22,8868.4
10,8869.0
28,8869.4
3,8869.5
15,8869.9
6,8870.1
23,8873.9
15,8875.6
12,8875.7
22,8875.8
8,8875.9
25,8876.0
10,8876.5
6,8877.2
3,8879.0
28,8879.4
23,8884.0
15,8886.4
21,8890.3
27,8891.8
7,8891.9
30,8893.0
6,8900.3
28,8900.9
27,8901.1
23,8901.5
18,8902.6
21,8904.9
15,8906.0
22,8906.0
12,8907.1
6,8907.2
23,8907.6
10,8907.9
3,8908.4
28,8908.8
15,8912.4
6,8913.5
17,8916.7
26,8917.4
23,8922.3
17,8924.8
15,8926.7
26,8927.4
6,8930.2
21,8930.6
27,8931.3
7,8931.6
30,8932.6
23,8936.2
15,8936.3
12,8936.9
22,8937.2
10,8937.7
3,8938.7
28,8939.0
6,8940.0
23,8943.1
27,8943.3
18,8945.1
21,8946.6
28,8947.6
6,8950.9
15,8951.7
23,8958.7
15,8964.0
17,8964.1
30,8964.5
28,8964.8
29,8965.6
26,8965.9
4,8966.5
12,8967.3
23,8967.3
22,8967.7
6,8968.0
10,8968.4
15,8968.6
3,8969.1
30,8971.2
28,8971.4
29,8973.3
15,8974.4
21,8975.6
27,8976.7
7,8976.9
30,8977.6
4,8977.9
23,8982.0
28,8986.2
15,8986.5
21,8990.9
27,8992.7
6,8993.5
30,8993.7
23,8993.9
28,8994.6
18,8994.9
22,8995.0
15,8998.5
12,8999.7
23,8999.8
17,9000.0
3,9000.5
10,9000.6
6,9001.4
26,9001.9
28,9003.1
22,9004.5
15,9006.4
30,9008.0
29,9008.9
4,9009.8
28,9011.5
23,9012.8
15,9015.3
15,9032.3
23,9033.0
12,9033.3
22,9034.0
10,9034.6
6,9034.6
28,9035.1
3,9035.5
17,9038.2
26,9039.7
15,9040.3
30,9041.7
29,9043.0
28,9044.2
4,9045.0
15,9048.9
23,9050.0
6,9064.8
15,9065.4
6,9069.4
23,9069.5
15,9070.0
12,9070.3
22,9070.7
10,9071.0
28,9071.6
3,9072.1
6,9075.2
15,9075.2
30,9077.2
29,9078.5
17,9080.0
28,9080.2
4,9080.5
15,9081.3
26,9081.9
30,9083.3
25,9083.5
17,9085.8
6,9088.6
23,9089.3
30,9090.0
25,9090.8
15,9096.1
17,9096.7
6,9104.0
15,9105.8
23,9108.9
22,9109.7
12,9109.8
6,9109.8
10,9110.4
30,9111.4
3,9111.5
28,9111.6
15,9111.9
29,9116.6
15,9117.8
4,9118.3
30,9120.7
28,9121.6
6,9123.1
17,9128.8
26,9130.8
15,9131.0
6,9135.4
30,9136.1
17,9136.6
25,9136.7
15,9140.1
23,9140.3
6,9148.8
30,9150.6
15,9151.6
17,9151.8
12,9152.0
22,9152.1
23,9152.4
25,9153.3
10,9154.2
13,9154.3
28,9154.7
3,9154.8
15,9156.5
29,9158.0
30,9158.1
22,9158.5
12,9158.6
6,9158.8
4,9159.1
13,9162.0
15,9164.4
6,9167.5
28,9167.8
23,9168.7
22,9169.3
12,9170.7
15,9171.7
30,9175.7
25,9176.9
17,9177.6
6,9177.8
30,9186.8
25,9193.4
13,9198.5
12,9199.6
22,9200.0
15,9202.0
6,9202.3
30,9204.7
29,9206.2
28,9206.3
15,9206.7
4,9208.2
12,9208.9
6,9209.0
23,9209.1
22,9209.6
10,9210.7
3,9211.6
15,9212.2
28,9216.8
30,9219.7
25,9222.0
6,9222.0
17,9222.5
15,9223.2
12,9226.0
23,9228.6
30,9229.2
22,9231.0
13,9232.7
12,9237.4
6,9239.1
25,9239.7
15,9240.1
6,9253.0
13,9269.0
22,9269.5
12,9270.4
6,9278.9
15,9280.4
6,9294.1
13,9308.0
22,9308.5
12,9309.4
6,9323.3
15,9325.0
6,9340.3
13,9350.7
22,9352.6
12,9352.9
13,9403.0
12,9404.4
22,9404.5
20,9413.3
25,9413.4
9,9413.7
3,9414.4
16,9414.9
18,9415.1
20,9419.2
25,9419.6
9,9420.5
3,9424.2
16,9424.2
18,9427.2
20,9429.7
25,9433.4
25,9454.4
20,9454.6
9,9454.7
3,9455.9
16,9457.4
18,9458.0
20,9472.4
22,9477.6
31,9478.7
25,9479.1
15,9483.0
31,9483.6
22,9484.6
20,9487.6
9,9487.7
25,9488.1
3,9489.0
16,9490.4
31,9490.4
18,9491.1
15,9492.2
31,9500.6
22,9503.3
20,9506.9
28,9518.4
18,9518.5
6,9519.2
23,9519.6
27,9519.6
22,9520.5
31,9520.9
25,9521.6
9,9521.6
20,9521.6
3,9523.2
16,9524.3
18,9525.8
31,9532.7
28,9532.8
15,9534.1
20,9536.9
25,9537.4
2,9551.8
20,9552.6
10,9552.8
31,9553.5
12,9553.6
4,9553.7
22,9554.1
20,9557.7
25,9558.0
9,9558.1
2,9559.4
3,9559.6
16,9560.4
18,9561.0
10,9561.4
20,9563.7
12,9564.4
4,9564.6
31,9570.8
28,9572.1
15,9572.5
18,9572.7
27,9573.5
2,9573.8
23,9574.0
6,9574.3
25,9576.9
20,9578.9
9,9579.2
31,9589.2
22,9589.9
20,9597.0
9,9597.1
25,9597.2
3,9598.4
18,9599.4
16,9600.2
2,9600.9
10,9602.3
20,9603.1
12,9603.5
4,9604.8
31,9612.5
28,9612.8
18,9613.2
25,9613.7
15,9613.8
23,9614.1
27,9615.4
6,9615.7
20,9619.0
5,9621.5
31,9622.6
9,9623.3
29,9623.7
19,9624.5
5,9625.5
20,9625.8
31,9626.3
12,9627.8
22,9628.1
19,9629.6
31,9630.0
5,9630.3
29,9630.7
9,9631.6
12,9635.3
31,9635.6
20,9636.0
2,9638.0
5,9638.1
19,9638.5
10,9639.6
9,9639.7
25,9640.7
20,9640.7
12,9641.2
31,9641.8
4,9641.9
3,9642.3
18,9642.9
16,9643.5
29,9643.9
19,9648.5
20,9648.5
12,9650.5
9,9651.0
31,9651.2
28,9658.9
18,9659.0
27,9660.2
6,9660.2
31,9660.7
23,9660.8
15,9660.9
31,9668.9
5,9669.2
29,9669.5
22,9670.0
9,9670.7
2,9678.1
20,9678.7
10,9679.8
12,9680.2
31,9680.2
5,9680.7
19,9681.7
4,9682.2
31,9685.2
20,9685.2
12,9687.7
19,9689.5
5,9690.5
31,9693.9
20,9694.7
9,9695.7
25,9696.2
3,9697.2
16,9699.0
18,9699.4
20,9703.5
5,9704.2
9,9704.4
29,9704.7
31,9717.6
22,9718.2
25,9719.6
9,9721.8
12,9722.0
2,9723.2
31,9723.6
20,9723.7
19,9724.6
10,9724.8
5,9725.1
4,9727.1
31,9729.1
12,9729.5
20,9730.0
19,9731.3
5,9732.4
31,9737.5
5,9741.2
20,9741.6
29,9742.4
9,9744.1
5,9754.9
8,9761.8
16,9761.9
25,9761.9
17,9763.8
31,9767.9
12,9767.9
19,9769.1
8,9769.6
25,9770.0
16,9770.7
17,9775.9
8,9776.4
25,9777.0
16,9778.3
31,9781.6
5,9782.8
29,9783.0
9,9785.0
12,9785.3
28,9811.7
18,9812.4
27,9812.6
23,9812.9
6,9813.0
16,9816.2
25,9816.3
8,9816.4
17,9819.1
5,9829.0
29,9829.1
28,9829.7
18,9830.1
9,9831.2
25,9832.9
8,9837.8
16,9841.3
9,9846.2
10,9846.9
25,9849.9
0,9850.2
18,9850.3
3,9850.9
9,9853.2
25,9854.7
10,9855.9
8,9856.3
16,9856.5
0,9857.7
18,9858.1
3,9858.2
17,9859.0
25,9860.3
28,9863.0
27,9864.6
23,9865.0
18,9865.1
6,9865.6
1,9870.0
25,9870.4
2,9870.6
24,9870.8
1,9877.6
8,9878.6
24,9879.5
2,9879.9
9,9886.9
10,9887.7
25,9896.0
18,9896.6
0,9896.6
3,9897.3
8,9900.3
16,9900.5
28,9900.8
25,9901.4
27,9902.7
23,9902.8
17,9902.9
6,9903.1
18,9904.6
25,9911.9
1,9914.4
24,9915.4
2,9915.5
9,9919.7
10,9920.3
25,9931.7
18,9932.6
0,9932.6
3,9933.2
18,9941.2
28,9941.3
27,9943.3
23,9943.4
6,9944.0
1,9948.8
24,9949.8
2,9949.9
25,9951.7
9,9953.3
10,9953.9
25,9969.9
18,9970.0
0,9970.1
3,9971.1
10,9973.3
5,9974.0
0,9976.4
18,9976.9
10,9981.2
5,9981.7
0,9983.9
18,9984.6
1,9984.9
24,9986.0
2,9986.1
28,9987.5
10,9987.8
9,9988.8
27,9989.0
6,9989.5
23,9989.5
18,9994.3
5,9997.0
10,10000.6
25,10011.0
0,10011.1
18,10011.2
3,10012.5
0,10021.1
18,10021.6
10,10022.0
5,10022.2
1,10023.4
24,10024.4
2,10025.1
9,10027.3
10,10029.3
0,10056.8
18,10057.2
25,10058.5
10,10058.8
5,10059.1
3,10059.5
0,10064.8
18,10066.7
1,10066.8
24,10067.8
10,10068.0
2,10068.1
9,10069.4
10,10096.3
5,10098.3
0,10098.8
18,10099.9
10,10115.1
9,10118.8
1,10119.3
24,10120.6
2,10121.0
10,10132.3
5,10142.4
0,10142.6
10,10142.7
18,10144.1
31,10149.9
22,10150.6
5,10150.6
20,10152.6
19,10153.2
31,10154.3
5,10156.3
22,10158.0
31,10160.6
20,10162.4
19,10167.2
5,10168.9
31,10181.7
22,10192.1
31,10194.0
10,10199.1
5,10199.2
0,10199.2
18,10201.0
31,10203.9
28,10204.2
5,10204.5
20,10204.9
27,10204.9
23,10205.3
19,10205.4
6,10205.7
18,10207.9
28,10212.6
5,10214.7
27,10215.6
23,10216.1
31,10218.4
18,10219.2
6,10221.5
22,10225.4
31,10228.0
10,10230.1
5,10246.8
31,10247.0
20,10248.5
19,10248.9
28,10250.8
18,10251.5
23,10252.4
27,10252.6
6,10253.3
31,10258.2
22,10259.9
5,10260.6
31,10274.4
28,10286.2
23,10286.7
18,10286.9
27,10288.0
6,10288.5
31,10296.6
22,10296.8
5,10298.6
20,10300.2
19,10300.6
31,10304.2
5,10314.5
28,10323.4
18,10324.3
23,10324.9
27,10325.3
6,10325.8
22,10336.3
31,10337.2
28,10363.9
18,10364.6
23,10365.0
27,10366.0
6,10366.5
22,10381.1
31,10381.8
28,10409.6
18,10410.6
27,10410.6
23,10411.4
6,10412.4
2,10414.3
25,10414.6
17,10414.8
4,10415.0
27,10417.9
2,10420.5
1,10422.4
25,10422.5
24,10423.2
17,10424.3
4,10426.0
2,10426.9
1,10429.9
27,10430.3
24,10432.1
2,10439.3
25,10458.3
2,10458.4
27,10458.8
17,10459.4
4,10459.8
1,10464.8
24,10466.0
2,10466.4
2,10492.6
25,10493.0
27,10493.6
17,10493.7
4,10493.9
1,10498.1
24,10499.3
2,10500.9
2,10528.6
25,10529.2
27,10529.5
17,10529.8
4,10530.3
1,10532.8
24,10533.9
2,10537.9
2,10566.6
25,10567.9
27,10568.7
17,10568.8
4,10569.1
1,10569.8
24,10570.8
2,10576.2
2,10607.9
1,10609.6
24,10610.5
25,10610.8
27,10611.6
17,10611.6
4,10611.7
26,10615.3
8,10616.2
2,10617.7
24,10618.1
17,10619.5
26,10623.7
8,10628.0
26,10632.2
24,10633.0
17,10633.4
8,10637.5
26,10654.1
1,10654.2
24,10654.6
2,10655.3
25,10661.8
27,10662.7
17,10662.8
2,10663.2
4,10663.7
26,10668.5
8,10669.3
24,10669.7
17,10670.7
26,10676.8
8,10680.1
17,10682.9
24,10683.3
26,10683.8
8,10692.6
26,10717.3
8,10718.5
17,10720.8
24,10721.6
26,10750.3
8,10752.0
17,10754.5
24,10754.9
6,10756.6
4,10756.7
7,10757.6
29,10758.1
20,10758.8
6,10762.8
4,10763.1
7,10765.2
26,10767.0
29,10768.7
20,10770.9
10,10773.0
5,10773.4
0,10773.4
6,10774.4
18,10774.8
4,10779.1
10,10781.0
5,10781.2
0,10782.1
18,10786.2
26,10786.3
8,10787.2
17,10789.1
24,10790.9
6,10796.5
4,10796.6
7,10797.7
29,10798.8
20,10799.6
5,10802.2
4,10814.1
10,10815.0
26,10815.1
9,10815.6
6,10816.8
10,10820.0
5,10821.0
0,10821.8
9,10823.4
18,10823.9
26,10824.7
8,10825.5
17,10827.8
10,10828.0
24,10828.5
4,10828.7
6,10829.0
7,10829.7
29,10830.8
20,10831.8
4,10849.0
10,10854.1
9,10855.4
0,10857.1
5,10857.4
30,10858.1
15,10858.3
29,10858.6
4,10859.2
18,10859.4
28,10860.1
6,10861.5
10,10861.9
7,10863.2
29,10863.8
4,10864.4
20,10864.7
15,10864.7
30,10864.9
26,10865.8
8,10867.0
17,10868.4
24,10870.6
28,10872.5
29,10873.0
4,10874.1
1,10876.7
6,10878.2
28,10878.8
25,10879.0
30,10880.9
15,10881.4
1,10883.2
28,10885.5
10,10887.3
9,10887.7
25,10891.5
10,10895.1
1,10895.7
5,10895.9
0,10896.2
4,10897.2
6,10897.6
18,10898.3
29,10898.3
7,10898.6
28,10900.3
20,10900.5
30,10901.0
15,10901.2
4,10904.4
29,10906.8
26,10913.8
8,10915.0
10,10915.9
17,10917.1
24,10917.7
6,10918.4
28,10920.7
9,10920.8
1,10920.8
25,10924.5
10,10928.8
28,10933.2
4,10933.6
29,10933.9
30,10934.3
15,10934.9
6,10935.6
7,10936.5
1,10936.5
0,10938.0
5,10938.2
10,10938.2
20,10938.5
4,10940.6
18,10940.9
29,10941.8
28,10951.0
10,10954.0
1,10955.0
6,10955.0
9,10955.9
25,10958.5
28,10959.3
1,10968.9
15,10969.8
4,10969.8
30,10970.0
28,10970.7
29,10970.8
2,10972.9
27,10973.1
21,10973.6
26,10973.8
11,10973.8
4,10974.2
25,10974.8
6,10976.6
15,10978.0
29,10978.0
7,10978.2
4,10978.2
2,10978.9
10,10979.0
23,10979.1
27,10979.3
20,10980.1
12,10980.1
22,10980.2
28,10980.3
21,10980.9
26,10981.1
3,10981.1
11,10981.3
25,10981.6
4,10982.2
6,10982.2
17,10983.2
15,10983.7
2,10984.0
27,10984.7
10,10985.1
23,10985.8
4,10987.3
12,10987.7
22,10987.8
5,10987.9
25,10988.0
0,10988.6
28,10988.6
6,10989.4
10,10990.2
2,10990.3
15,10990.6
18,10990.8
3,10990.9
1,10991.2
17,10992.0
27,10992.1
9,10993.6
25,10994.5
4,10995.3
28,10995.9
10,10996.7
23,10997.0
29,10997.6
15,11006.2
4,11007.7
28,11007.8
30,11008.0
1,11008.3
29,11009.1
2,11010.1
10,11013.2
25,11014.3
4,11014.7
27,11014.7
21,11016.3
26,11016.6
11,11016.7
15,11017.2
2,11017.3
4,11021.9
6,11023.3
27,11023.5
25,11024.1
29,11024.4
2,11024.5
15,11024.6
23,11024.6
28,11025.1
22,11025.3
12,11025.5
17,11025.6
10,11025.7
7,11025.8
3,11026.9
4,11027.0
20,11027.3
26,11027.4
8,11029.4
1,11030.2
6,11030.3
24,11031.3
25,11031.4
28,11031.4
17,11033.0
10,11033.2
26,11034.2
9,11034.7
4,11035.7
15,11036.5
27,11038.4
8,11040.7
26,11042.4
17,11044.2
28,11045.1
24,11045.3
2,11045.5
4,11047.2
25,11048.3
29,11048.6
10,11048.8
15,11048.8
26,11048.9
27,11049.3
30,11049.3
21,11049.8
11,11050.3
2,11053.2
4,11053.5
8,11053.6
1,11054.1
23,11055.5
28,11057.1
27,11057.1
25,11057.3
17,11057.7
15,11058.1
26,11059.9
4,11060.4
6,11060.4
22,11060.7
12,11060.7
2,11060.9
10,11061.0
3,11062.5
23,11063.5
29,11065.7
15,11066.9
4,11068.9
6,11069.3
7,11070.6
28,11070.6
20,11071.9
25,11072.2
29,11073.2
1,11073.3
27,11074.3
4,11074.5
6,11075.1
7,11077.6
10,11078.6
28,11079.6
26,11080.4
9,11081.2
4,11081.7
8,11082.0
17,11082.6
2,11083.7
24,11084.1
20,11084.3
25,11084.5
27,11084.6
6,11084.9
21,11085.0
29,11085.4
11,11085.5
26,11086.4
4,11088.0
2,11091.0
1,11091.1
27,11092.0
25,11092.3
17,11092.8
4,11094.1
10,11094.6
15,11095.0
28,11095.6
30,11096.6
23,11097.1
29,11097.2
12,11097.6
22,11097.9
6,11097.9
3,11099.0
26,11100.1
15,11100.5
4,11101.2
21,11102.3
7,11102.6
2,11102.8
6,11104.1
28,11104.4
29,11104.6
10,11105.0
20,11105.8
4,11107.7
27,11108.1
25,11111.5
15,11112.1
23,11114.0
6,11115.0
7,11115.3
30,11115.6
26,11116.6
8,11118.3
17,11118.9
4,11119.5
2,11121.4
24,11121.6
27,11121.7
26,11122.0
21,11122.4
11,11123.1
25,11124.4
28,11126.0
1,11126.4
4,11126.4
2,11128.3
27,11128.8
17,11129.5
25,11130.1
26,11131.9
4,11132.4
6,11133.8
7,11134.9
29,11135.0
28,11136.8
20,11136.8
15,11137.0
23,11137.5
22,11138.2
12,11138.2
10,11138.6
4,11138.9
3,11139.7
6,11140.5
2,11141.0
25,11143.0
27,11145.4
15,11151.1
4,11153.5
28,11154.9
26,11155.9
8,11157.5
17,11158.9
1,11160.2
24,11161.1
4,11161.9
2,11162.3
26,11162.7
27,11162.9
21,11163.4
6,11163.7
11,11164.2
25,11164.7
7,11165.4
29,11166.0
4,11166.4
20,11167.6
2,11168.6
27,11169.4
17,11169.5
4,11172.3
25,11172.9
26,11173.7
6,11176.3
2,11181.1
15,11182.7
23,11182.9
22,11183.8
12,11183.9
10,11184.3
4,11184.7
3,11185.7
28,11186.0
6,11186.1
27,11190.0
6,11196.2
4,11196.3
7,11197.3
29,11198.2
15,11198.9
20,11199.1
26,11199.3
8,11200.8
17,11201.8
24,11204.4
23,11206.6
4,11207.1
26,11208.7
6,11208.8
2,11209.3
27,11209.6
21,11210.5
25,11211.1
11,11211.2
4,11212.2
17,11213.7
2,11215.8
27,11216.4
29,11218.3
5,11218.7
9,11220.1
4,11220.4
26,11220.7
25,11221.0
29,11225.0
5,11226.1
9,11228.9
4,11229.9
6,11230.6
29,11230.7
7,11231.6
20,11232.9
2,11239.1
4,11240.5
29,11241.5
6,11245.3
26,11253.3
8,11254.8
17,11256.7
24,11258.7
29,11264.0
5,11264.4
9,11266.5
4,11266.6
6,11266.9
26,11267.3
7,11267.8
20,11269.4
29,11270.9
4,11277.8
6,11286.6
29,11299.3
5,11299.9
9,11302.3
4,11305.6
6,11306.0
29,11306.0
7,11306.9
20,11308.5
4,11319.1
29,11320.1
6,11332.0
29,11337.1
5,11337.4
9,11339.9
29,11348.0
4,11348.9
6,11349.2
7,11350.2
20,11352.0
29,11364.8
4,11365.0
29,11378.1
5,11378.4
9,11380.4
29,11396.3
4,11402.4
6,11402.5
7,11403.6
20,11405.4
29,11405.8
18,11407.1
12,11407.9
27,11407.9
18,11415.2
4,11417.3
12,11419.7
27,11420.0
6,11421.7
29,11423.6
5,11424.7
9,11426.9
29,11437.1
18,11448.5
27,11449.4
12,11449.4
15,11470.8
23,11471.1
12,11471.3
22,11472.0
10,11472.3
6,11472.5
3,11472.8
28,11473.8
15,11477.2
12,11477.6
23,11477.8
22,11479.5
10,11479.7
18,11481.1
6,11481.6
27,11482.0
3,11482.6
12,11485.4
28,11487.8
15,11488.1
23,11492.0
15,11507.2
31,11508.2
12,11512.2
15,11513.0
23,11514.1
18,11515.0
22,11515.2
10,11515.5
27,11516.0
6,11516.1
3,11516.6
31,11517.5
28,11518.4
15,11518.7
12,11519.9
21,11530.7
3,11531.1
25,11531.3
15,11531.4
27,11531.5
20,11531.5
9,11531.6
7,11531.7
18,11532.5
30,11532.5
16,11533.3
20,11537.5
25,11537.5
21,11537.6
9,11538.3
3,11538.8
27,11540.3
7,11540.6
30,11542.2
18,11542.9
16,11543.5
21,11545.2
12,11546.8
15,11547.1
23,11547.6
3,11548.1
22,11548.3
10,11548.7
20,11548.7
27,11549.4
6,11549.9
25,11550.0
18,11551.4
28,11551.8
12,11554.6
15,11555.9
31,11559.0
15,11567.8
3,11572.0
25,11572.5
9,11572.6
20,11572.6
18,11573.8
16,11575.6
21,11580.4
27,11581.4
7,11581.6
15,11582.1
23,11582.6
3,11582.8
30,11583.0
12,11583.2
22,11584.0
10,11584.2
6,11585.1
28,11586.9
20,11587.6
18,11587.8
27,11589.6
12,11590.6
25,11591.7
15,11593.2
21,11596.2
31,11597.4
15,11605.0
3,11605.4
18,11605.5
20,11605.7
25,11605.7
9,11605.8
16,11608.2
21,11618.0
7,11619.3
27,11619.5
15,11619.7
23,11620.3
3,11620.6
30,11620.6
12,11620.8
22,11621.5
10,11621.7
6,11622.8
20,11622.8
28,11623.8
25,11626.4
12,11630.5
18,11630.6
27,11631.0
15,11632.5
21,11634.4
31,11638.8
3,11639.4
9,11639.7
25,11639.8
20,11639.9
18,11640.4
15,11641.7
16,11641.8
20,11656.2
21,11658.6
25,11659.3
7,11659.8
27,11659.9
15,11660.7
30,11661.1
23,11661.1
12,11661.9
3,11662.2
22,11662.5
10,11662.9
6,11663.9
28,11665.8
15,11673.7
3,11676.1
25,11676.4
9,11676.5
21,11676.5
20,11676.5
18,11678.6
16,11679.2
12,11681.0
27,11682.0
23,11683.8
15,11685.6
31,11685.9
18,11687.7
20,11691.1
25,11693.9
21,11703.7
27,11704.9
7,11705.6
30,11706.9
15,11707.3
23,11708.0
12,11708.6
22,11709.1
10,11709.8
3,11710.1
6,11710.9
28,11712.8
26,11712.8
8,11713.8
17,11714.5
15,11715.2
24,11715.4
20,11715.6
9,11715.8
25,11715.8
23,11715.8
3,11715.9
12,11716.3
21,11717.1
22,11717.3
10,11717.8
16,11718.3
18,11718.5
6,11719.5
26,11721.5
15,11721.7
28,11723.1
23,11723.3
3,11723.3
12,11725.3
8,11726.3
22,11727.7
10,11729.1
20,11729.7
26,11731.7
17,11732.6
24,11734.4
8,11735.0
15,11739.3
23,11740.2
12,11741.1
3,11741.8
22,11741.9
10,11742.5
6,11742.7
28,11744.8
15,11749.9
12,11751.5
31,11753.0
19,11753.9
23,11754.0
26,11754.5
12,11757.7
25,11759.4
9,11759.5
3,11759.6
20,11759.7
31,11761.7
16,11762.2
18,11763.0
19,11765.1
12,11765.2
31,11769.4
26,11771.8
12,11772.6
8,11772.9
15,11773.5
23,11773.8
3,11774.1
22,11774.7
17,11775.1
10,11775.3
6,11776.2
24,11776.2
28,11778.3
20,11779.2
12,11782.4
15,11789.6
12,11804.9
23,11805.6
15,11806.0
22,11807.1
31,11807.4
10,11807.7
19,11808.1
3,11808.3
6,11808.6
28,11810.8
12,11811.2
26,11811.4
8,11812.5
17,11814.9
24,11816.2
20,11818.8
25,11818.8
9,11818.9
3,11819.0
16,11821.7
18,11822.5
23,11823.2
15,11823.5
12,11827.7
20,11837.4
15,11840.1
23,11840.3
12,11840.8
3,11841.2
22,11841.4
10,11841.5
6,11842.7
28,11844.9
12,11846.9
31,11847.3
19,11848.5
10,11850.1
9,11850.6
26,11855.5
8,11856.6
10,11857.4
12,11857.9
9,11858.0
17,11859.2
15,11860.0
24,11860.3
23,11863.5
15,11876.3
23,11876.7
10,11876.8
12,11876.8
22,11877.9
6,11878.6
3,11878.7
28,11881.2
10,11888.8
12,11889.7
9,11890.4
31,11891.5
19,11892.2
15,11894.2
23,11897.3
2,11898.0
25,11898.1
17,11898.2
27,11898.4
4,11898.8
12,11900.4
2,11906.1
25,11906.2
17,11907.2
27,11907.5
4,11909.4
15,11915.6
10,11915.6
12,11915.7
23,11915.9
22,11917.1
6,11917.8
3,11918.2
28,11920.3
26,11921.0
8,11922.2
17,11922.4
10,11922.4
9,11922.7
24,11926.1
15,11934.3
10,11940.3
17,11940.6
27,11941.8
25,11941.9
2,11942.1
4,11943.0
9,11955.5
10,11956.3
15,11959.2
23,11959.3
12,11959.5
22,11960.5
3,11961.1
6,11961.2
28,11963.5
10,11963.8
25,11975.8
17,11976.0
2,11976.0
27,11976.2
4,11976.3
10,11991.0
9,11991.2
15,11993.9
23,12005.4
15,12005.5
10,12005.8
12,12005.8
22,12006.4
6,12007.1
3,12007.1
28,12008.2
5,12010.0
31,12010.9
17,12011.0
19,12011.1
20,12011.2
25,12011.3
2,12011.6
15,12011.9
27,12011.9
23,12012.0
4,12012.3
12,12012.9
10,12012.9
22,12014.0
3,12016.3
6,12016.6
5,12017.6
31,12020.4
28,12021.1
19,12021.8
20,12021.9
12,12021.9
22,12022.2
13,12022.8
15,12023.8
23,12024.0
10,12026.2
9,12029.0
12,12029.9
13,12030.6
22,12030.7
10,12044.6
12,12045.9
23,12046.3
15,12046.5
22,12046.6
3,12049.0
6,12049.0
25,12049.5
2,12049.8
17,12049.8
27,12050.1
28,12050.5
4,12050.5
10,12057.4
12,12060.5
15,12062.3
2,12062.4
1,12062.7
24,12063.2
23,12064.5
22,12066.0
13,12067.1
5,12069.7
1,12070.1
10,12070.2
9,12070.3
31,12070.8
2,12070.8
20,12071.3
19,12071.3
12,12071.4
24,12071.9
15,12078.3
22,12078.5
23,12078.6
10,12078.9
12,12079.5
3,12080.5
6,12081.0
28,12082.1
5,12087.3
2,12090.1
25,12091.2
17,12091.3
27,12091.7
4,12092.3
10,12097.0
22,12099.1
15,12099.2
12,12100.6
25,12100.9
17,12101.4
13,12101.5
30,12101.8
2,12106.4
1,12106.9
25,12107.4
24,12107.8
17,12110.6
30,12111.0
12,12111.2
22,12111.2
23,12111.3
15,12111.7
10,12112.7
3,12113.8
6,12113.9
28,12115.7
9,12117.5
5,12117.8
31,12118.8
20,12119.2
19,12119.4
10,12120.3
22,12129.0
12,12131.0
23,12135.3
25,12137.4
13,12137.4
2,12138.3
17,12139.4
5,12139.6
22,12140.0
27,12140.2
4,12140.8
1,12141.1
24,12142.3
12,12142.9
15,12146.5
23,12147.0
10,12147.7
22,12147.9
2,12148.1
3,12149.2
6,12149.2
28,12149.2
12,12151.8
15,12155.6
25,12157.1
31,12157.6
17,12158.4
30,12158.8
15,12164.2
31,12167.3
25,12167.4
15,12175.2
12,12176.2
13,12176.5
22,12176.9
1,12177.8
2,12178.6
24,12178.7
15,12184.3
12,12184.6
23,12184.6
22,12185.3
10,12185.9
3,12186.8
6,12187.1
28,12188.5
15,12198.5
25,12201.2
30,12201.5
17,12202.0
12,12204.8
31,12208.5
15,12208.8
1,12216.8
2,12217.2
25,12217.3
24,12217.4
13,12219.4
22,12220.2
12,12220.8
15,12225.0
23,12225.8
10,12227.3
22,12227.4
6,12227.6
3,12227.7
12,12228.2
28,12230.0
15,12236.7
31,12245.8
15,12246.0
25,12251.1
30,12251.3
17,12251.9
1,12259.9
24,12260.8
2,12261.0
25,12267.9
12,12270.9
22,12271.0
13,12271.6
15,12272.5
23,12273.0
10,12274.1
6,12274.9
3,12275.0
28,12277.3
22,12279.1
12,12279.6
30,12281.2
15,12282.8
31,12285.9
15,12297.5
1,12313.2
2,12314.0
24,12314.2
15,12330.2
31,12330.9
30,12531.7
15,12531.9
29,12532.7
28,12533.4
4,12533.7
15,12538.3
30,12538.5
29,12540.6
28,12544.0
4,12545.6
15,12550.4
30,12556.2
30,12575.0
15,12575.2
29,12576.3
28,12578.1
4,12578.4
12,12580.7
31,12581.1
19,12581.8
12,12588.4
31,12590.2
2,12590.6
10,12591.7
20,12592.0
4,12592.2
12,12593.6
19,12593.7
31,12597.7
2,12598.2
12,12599.7
10,12600.1
20,12601.1
4,12602.5
30,12608.4
15,12608.8
29,12610.1
2,12610.9
4,12612.0
28,12612.0
12,12613.1
15,12629.2
12,12635.1
31,12635.5
19,12636.5
2,12639.5
10,12641.2
20,12641.6
4,12641.8
12,12642.1
8,12643.2
25,12643.4
16,12643.4
30,12644.3
15,12644.5
29,12645.0
17,12645.1
28,12647.5
8,12651.0
16,12651.9
25,12652.1
17,12655.5
4,12656.1
8,12658.7
2,12660.3
25,12661.7
15,12662.0
16,12662.0
31,12672.4
15,12673.5
12,12673.9
19,12676.2
31,12676.3
22,12676.7
2,12676.8
10,12678.3
20,12678.9
4,12679.6
15,12680.4
31,12680.6
12,12681.3
30,12682.4
29,12683.6
22,12684.0
28,12685.2
31,12686.0
15,12686.8
4,12694.0
8,12695.9
25,12696.1
16,12696.3
31,12697.4
17,12698.4
15,12703.5
8,12708.7
12,12716.4
31,12716.9
2,12717.0
10,12718.5
20,12718.9
19,12719.5
22,12719.8
4,12720.2
25,12720.6
15,12721.2
31,12721.3
12,12723.8
30,12724.0
29,12725.3
28,12726.7
15,12727.9
31,12728.3
4,12731.7
16,12735.3
8,12735.4
25,12735.9
17,12738.3
31,12749.2
8,12750.2
22,12753.6
16,12755.3
31,12756.2
15,12757.2
2,12762.1
10,12763.7
20,12764.0
12,12764.1
4,12765.1
31,12766.1
15,12771.4
12,12772.0
30,12772.6
31,12772.8
29,12773.5
19,12773.7
4,12775.2
28,12775.6
8,12778.8
16,12779.2
25,12779.3
17,12781.4
15,12783.8
31,12785.0
12,12785.9
22,12789.1
8,12792.6
31,12794.1
15,12796.7
31,12803.9
22,12826.9
31,12827.0
8,12834.0
25,12834.4
16,12834.5
17,12836.6
31,12838.3
15,12839.7
8,12846.3
31,12854.6
25,12855.4
16,12860.8
10,12864.0
5,12864.5
0,12864.6
18,12865.7
22,12868.6
31,12869.0
10,12871.7
5,12872.1
0,12873.3
18,12877.2
5,12877.3
31,12877.5
20,12878.7
19,12878.8
5,12881.6
29,12883.8
31,12884.7
9,12885.1
5,12886.5
20,12888.9
29,12890.7
19,12890.8
15,12891.1
31,12891.3
5,12892.1
9,12893.8
29,12903.0
5,12903.3
31,12907.3
10,12911.8
5,12912.0
0,12912.8
18,12914.7
22,12916.6
31,12917.6
5,12927.1
29,12929.7
9,12932.1
5,12933.6
31,12934.5
20,12936.2
19,12936.7
5,12940.7
31,12946.7
5,12947.9
10,12948.8
0,12949.5
18,12951.3
5,12958.1
29,12964.6
5,12965.5
9,12967.0
5,12978.9
31,12981.3
20,12982.0
19,12982.4
10,12985.1
5,12985.5
9,12985.7
0,12988.7
18,12990.3
10,12990.5
29,12990.6
9,12993.0
5,12993.3
10,13000.2
5,13001.3
9,13002.3
31,13002.3
29,13002.5
5,13013.5
9,13018.5
10,13026.3
9,13027.5
5,13030.7
0,13032.0
10,13033.2
18,13033.9
5,13040.8
29,13042.7
9,13042.9
5,13052.0
9,13057.1
10,13057.8
29,13065.8
9,13079.7
5,13085.0
10,13085.1
0,13085.3
18,13088.3
29,13088.9
9,13089.3
5,13091.5
10,13091.9
9,13098.0
5,13112.4
10,13114.3
9,13127.1
10,13127.6
12,13146.4
31,13146.6
19,13147.4
12,13155.3
31,13155.3
19,13158.2
31,13163.4
12,13163.8
9,13165.3
10,13165.6
12,13198.7
31,13198.9
19,13199.9
9,13207.0
10,13207.2
12,13214.3
31,13236.6
12,13236.9
19,13237.7
25,13243.0
30,13243.0
17,13243.6
25,13250.6
30,13251.4
10,13254.8
9,13255.2
31,13256.8
17,13257.2
12,13278.2
31,13278.3
19,13279.5
25,13296.3
9,13297.2
3,13297.4
12,13297.6
20,13297.7
30,13298.6
15,13298.8
16,13299.0
23,13299.0
22,13299.5
17,13299.5
10,13299.6
18,13299.9
6,13300.5
25,13300.6
28,13302.0
3,13302.6
20,13303.7
9,13303.8
12,13304.9
15,13305.2
23,13305.7
25,13306.0
10,13306.6
22,13306.8
16,13308.6
3,13309.2
6,13310.1
20,13315.2
18,13315.5
15,13316.2
28,13317.4
12,13317.7
25,13317.7
23,13318.1
9,13320.3
10,13322.8
31,13325.7
12,13325.9
19,13326.9
25,13337.7
9,13338.4
20,13338.5
3,13339.5
16,13340.6
30,13340.7
17,13341.8
12,13342.1
18,13342.5
25,13343.0
15,13343.8
23,13344.0
22,13345.0
10,13345.1
6,13346.6
3,13347.9
28,13348.6
25,13353.8
20,13354.6
12,13355.7
15,13355.8
31,13357.6
15,13364.3
31,13366.5
9,13368.9
25,13371.0
20,13371.5
3,13372.3
5,13373.4
29,13373.6
16,13374.0
9,13374.2
18,13374.7
15,13376.1
23,13378.9
12,13379.4
22,13379.8
10,13380.1
29,13380.4
3,13380.5
5,13380.6
9,13380.6
6,13381.5
28,13383.6
15,13384.1
25,13385.0
31,13386.6
20,13388.6
30,13389.5
17,13390.6
25,13391.9
9,13393.6
29,13395.9
23,13401.5
25,13404.1
9,13405.4
3,13405.7
20,13405.9
15,13407.0
16,13407.8
31,13407.9
18,13408.9
25,13413.7
15,13415.0
9,13415.9
23,13416.0
3,13416.2
12,13416.4
5,13416.7
22,13416.8
10,13417.0
29,13417.0
6,13418.5
28,13419.4
20,13423.4
15,13425.6
9,13433.2
25,13441.9
3,13442.0
9,13442.3
20,13442.3
15,13444.3
31,13445.0
16,13445.0
18,13445.4
9,13450.4
5,13450.6
29,13450.7
15,13454.6
23,13455.8
3,13455.9
12,13455.9
22,13456.9
10,13457.1
25,13457.7
6,13458.2
28,13460.2
20,13460.4
15,13465.1
9,13467.2
5,13471.0
25,13480.1
3,13481.0
9,13481.4
20,13481.6
18,13481.6
0,13483.2
15,13484.1
31,13484.3
16,13484.4
25,13484.5
29,13485.6
5,13485.7
3,13486.7
9,13487.9
18,13488.8
25,13490.9
0,13491.7
3,13493.5
20,13495.5
25,13495.8
18,13496.0
9,13496.1
16,13498.3
3,13498.5
15,13499.3
23,13500.6
12,13500.9
25,13501.0
22,13501.1
20,13501.5
10,13501.7
9,13502.3
6,13502.8
18,13503.4
3,13503.6
29,13503.8
0,13504.5
28,13505.2
25,13507.5
16,13507.5
20,13509.5
15,13510.8
9,13512.9
3,13513.0
5,13523.7
29,13524.1
9,13525.1
25,13525.9
18,13526.8
15,13528.6
31,13529.2
3,13532.0
25,13532.2
0,13533.2
9,13533.6
18,13533.7
20,13533.8
16,13536.4
25,13538.0
3,13539.5
18,13544.5
9,13546.3
20,13547.2
25,13551.1
9,13563.1
25,13563.7
3,13564.1
20,13564.1
5,13565.0
29,13565.5
16,13565.7
18,13566.4
25,13569.8
9,13570.6
0,13570.8
3,13571.2
18,13574.9
20,13578.8
25,13578.9
22,13582.1
31,13582.8
3,13587.1
22,13589.4
31,13591.2
25,13593.9
9,13594.1
20,13594.7
18,13596.5
3,13596.9
16,13597.2
25,13606.1
20,13610.5
3,13611.1
9,13611.1
18,13611.2
0,13611.7
5,13613.2
25,13613.2
29,13613.3
22,13623.9
9,13624.9
25,13625.0
3,13625.1
31,13625.6
18,13626.2
20,13626.7
16,13629.5
25,13634.2
9,13636.2
20,13641.5
3,13644.2
25,13656.6
0,13657.7
18,13657.7
3,13657.7
22,13657.9
31,13659.3
20,13660.6
9,13660.6
25,13662.1
16,13663.6
3,13665.7
18,13667.6
25,13672.9
20,13675.4
22,13692.7
31,13694.3
25,13696.6
9,13696.8
20,13697.0
3,13697.7
16,13699.2
18,13699.9
25,13711.1
20,13712.6
22,13730.3
31,13731.8
25,13735.6
9,13736.0
20,13736.0
3,13737.1
16,13738.7
18,13739.1
25,13747.9
20,13751.8
22,13771.4
31,13772.6
9,13778.9
25,13779.0
20,13779.3
3,13780.5
18,13781.8
16,13782.0
25,13795.8
20,13797.1
22,13817.5
31,13818.8
6,13827.2
4,13827.2
7,13828.1
29,13828.6
20,13828.8
25,13832.7
9,13833.0
6,13833.4
4,13833.5
20,13833.6
3,13834.4
7,13835.7
16,13835.8
18,13836.5
29,13838.8
20,13842.0
6,13849.0
25,13850.5
4,13850.7
6,13867.1
4,13867.2
7,13868.2
20,13869.0
29,13869.1
6,13884.5
20,13897.9
25,13898.9
9,13899.0
4,13899.4
6,13899.5
3,13899.9
7,13900.2
29,13900.4
16,13900.7
18,13901.1
20,13902.7
25,13905.0
9,13905.6
20,13909.0
3,13909.5
16,13911.1
18,13915.5
25,13917.2
13,13924.8
22,13926.3
12,13926.4
9,13928.2
20,13929.7
6,13932.3
13,13932.4
4,13932.6
7,13933.2
29,13934.5
20,13934.7
12,13935.2
25,13936.0
2,13936.2
22,13937.2
10,13937.3
9,13937.3
3,13937.7
16,13938.8
4,13938.8
20,13939.2
18,13939.4
2,13943.9
12,13944.2
20,13945.2
10,13945.5
6,13946.9
4,13947.0
20,13956.1
2,13957.8
25,13958.3
7,13965.7
20,13966.0
4,13967.0
9,13967.0
25,13967.6
6,13967.8
3,13968.5
12,13969.2
13,13969.2
16,13969.5
29,13969.7
18,13970.7
22,13970.9
7,13971.6
20,13972.5
7,13978.2
4,13979.9
20,13984.2
2,13985.1
10,13986.5
12,13986.7
4,13991.6
6,13994.4
20,13996.8
25,13998.4
9,13998.6
3,14000.2
16,14000.5
18,14002.4
13,14003.4
12,14004.0
20,14004.1
22,14004.7
7,14004.9
4,14005.1
6,14005.9
29,14007.7
20,14013.9
7,14016.0
29,14016.2
9,14016.4
5,14016.6
4,14018.6
25,14021.2
2,14022.4
29,14022.6
20,14023.5
10,14023.7
12,14023.9
5,14024.1
9,14024.5
7,14030.7
9,14031.3
20,14031.4
4,14031.6
25,14032.4
29,14033.1
3,14033.7
16,14034.7
18,14035.3
13,14039.7
12,14039.8
20,14040.9
22,14041.7
9,14042.7
4,14046.6
6,14047.0
7,14047.5
29,14047.7
20,14049.4
7,14055.4
29,14059.8
4,14059.8
5,14060.8
20,14062.2
9,14062.2
2,14062.3
10,14063.4
12,14064.5
25,14067.4
20,14067.6
9,14068.5
3,14069.2
16,14069.7
7,14070.6
18,14071.4
29,14072.4
20,14077.2
13,14077.8
12,14078.6
4,14078.7
22,14079.7
9,14083.8
25,14084.6
29,14093.4
4,14094.0
6,14094.5
7,14094.6
20,14095.1
5,14095.4
9,14097.2
29,14100.6
7,14101.8
20,14104.3
9,14105.2
25,14105.5
4,14105.7
2,14107.0
3,14107.2
16,14108.4
10,14108.4
12,14109.1
18,14109.5
20,14110.0
9,14119.9
13,14121.4
12,14121.7
20,14122.5
22,14123.5
29,14131.0
5,14131.6
9,14133.3
9,14146.4
7,14146.7
20,14146.9
25,14147.0
3,14148.9
16,14150.1
18,14151.1
29,14151.3
20,14159.8
9,14162.6
29,14170.3
5,14170.5
13,14173.2
9,14173.3
12,14174.9
22,14175.4
9,14195.0
20,14195.2
25,14195.4
3,14196.9
16,14198.3
18,14198.7
20,14209.9
9,14212.5
29,14213.2
5,14213.3
25,14262.4
8,14262.4
29,14265.7
5,14266.2
9,14267.5
8,14269.2
25,14269.5
6,14278.9
15,14280.4
6,14285.0
15,14289.5
8,14294.0
6,14297.8
25,14305.7
8,14305.8
6,14320.8
15,14323.1
1,14335.2
28,14335.9
25,14336.2
8,14339.4
25,14341.5
1,14341.5
28,14342.9
20,14344.4
9,14344.4
6,14344.8
3,14345.4
25,14345.9
16,14346.1
18,14346.9
20,14350.5
25,14351.0
9,14351.0
6,14354.6
3,14354.9
1,14355.5
16,14355.9
15,14356.1
25,14357.0
9,14358.3
12,14358.8
19,14359.4
27,14359.6
20,14361.5
1,14361.7
16,14362.0
25,14362.0
12,14365.5
18,14366.2
9,14366.3
19,14366.7
27,14367.4
25,14368.3
16,14369.5
1,14369.6
25,14374.4
8,14374.9
1,14378.1
28,14379.4
25,14379.7
9,14381.7
20,14382.8
12,14383.3
16,14383.4
3,14384.2
25,14385.2
18,14387.0
6,14388.4
1,14390.0
15,14390.9
9,14394.6
25,14395.9
20,14399.1
16,14400.8
1,14400.9
12,14401.2
19,14402.1
25,14402.1
27,14402.5
6,14405.2
9,14405.4
25,14410.5
1,14411.4
8,14412.9
16,14413.6
28,14413.7
9,14414.1
20,14414.2
25,14414.5
3,14415.5
18,14418.2
25,14420.6
1,14421.6
6,14424.7
20,14426.4
4,14427.4
15,14427.9
7,14428.1
29,14428.7
9,14428.8
6,14429.1
25,14432.1
16,14432.3
4,14433.6
1,14434.0
6,14434.2
20,14434.2
12,14434.6
19,14435.0
7,14435.5
27,14436.0
29,14438.6
9,14439.1
25,14439.8
16,14443.6
6,14444.4
20,14445.3
25,14445.9
9,14446.6
1,14446.8
3,14447.1
28,14449.6
18,14449.8
4,14450.1
25,14451.4
8,14454.8
16,14455.3
20,14455.9
1,14456.3
25,14457.5
6,14463.6
9,14464.2
4,14465.4
7,14465.8
29,14467.1
20,14467.2
25,14467.6
15,14468.1
6,14468.9
1,14469.0
12,14469.5
16,14469.9
19,14470.3
27,14471.1
25,14475.7
9,14476.5
6,14478.9
20,14479.5
16,14480.1
3,14481.3
25,14481.5
18,14484.3
9,14484.8
1,14485.0
4,14486.1
20,14486.6
7,14486.7
6,14487.0
29,14488.0
25,14488.1
28,14488.5
4,14492.3
6,14492.9
7,14493.4
20,14493.4
1,14494.1
25,14496.4
29,14497.3
8,14497.7
16,14497.9
25,14502.6
6,14504.1
4,14504.1
8,14504.4
1,14506.2
25,14507.1
12,14507.3
19,14507.9
16,14508.2
27,14508.5
9,14508.5
6,14511.1
7,14512.7
15,14513.1
20,14513.1
25,14513.7
4,14514.8
29,14516.0
9,14516.2
6,14516.5
16,14517.0
3,14517.8
20,14519.0
25,14520.2
18,14520.5
1,14521.1
8,14524.1
7,14526.2
6,14527.6
25,14529.7
1,14530.6
28,14531.1
9,14532.8
20,14533.7
25,14536.0
8,14536.9
4,14542.1
6,14542.3
7,14543.6
29,14544.1
25,14544.9
1,14545.3
20,14545.4
12,14547.6
16,14548.1
19,14548.7
27,14549.4
9,14550.2
25,14551.7
6,14554.4
20,14555.0
1,14556.1
16,14556.2
3,14556.5
9,14557.1
25,14557.3
4,14559.2
12,14559.7
18,14559.7
13,14561.1
22,14562.4
25,14565.6
20,14566.5
8,14567.5
12,14568.3
13,14568.9
6,14569.9
4,14570.4
7,14570.9
29,14571.7
25,14573.8
22,14574.3
20,14577.5
1,14581.5
28,14582.3
6,14582.8
25,14582.9
4,14590.1
1,14592.1
25,14592.7
12,14593.4
16,14594.7
19,14594.9
27,14595.2
9,14595.6
25,14597.0
20,14597.6
6,14599.1
8,14599.5
4,14599.8
7,14600.0
3,14600.3
29,14601.2
25,14601.7
1,14602.1
16,14602.1
12,14602.6
18,14602.9
9,14603.1
13,14603.8
20,14604.3
22,14605.6
25,14609.6
6,14614.6
12,14620.7
13,14623.9
16,14624.6
20,14627.8
4,14627.9
29,14628.3
30,14629.4
6,14629.5
15,14629.5
7,14630.5
28,14631.0
25,14631.9
8,14633.2
4,14633.5
29,14634.1
15,14636.1
30,14636.3
13,14637.3
12,14638.5
22,14638.5
28,14641.5
4,14642.4
29,14642.7
25,14645.7
6,14646.4
15,14650.7
20,14651.3
9,14652.1
25,14652.8
3,14653.6
16,14654.3
18,14656.1
20,14660.4
4,14660.9
6,14661.5
7,14662.3
29,14662.4
25,14665.9
8,14669.2
4,14671.3
13,14672.0
29,14672.5
30,14672.7
15,14672.8
12,14673.4
22,14673.8
28,14674.6
20,14675.3
25,14675.3
6,14680.5
4,14692.6
29,14693.9
6,14695.2
7,14695.7
20,14697.5
4,14702.2
29,14705.7
30,14706.5
15,14706.7
25,14707.6
8,14707.9
28,14709.1
13,14709.4
12,14710.9
22,14711.4
4,14712.1
2,14714.6
20,14714.9
10,14715.6
6,14716.8
12,14718.9
4,14720.6
2,14722.3
29,14722.9
20,14723.7
10,14724.2
4,14729.4
12,14729.5
25,14730.5
6,14731.1
20,14731.5
7,14732.1
29,14733.7
2,14735.5
4,14738.2
30,14741.7
15,14742.1
29,14742.5
28,14744.8
4,14748.1
20,14748.9
13,14749.8
8,14750.2
25,14750.3
12,14750.8
22,14750.8
6,14751.3
2,14763.1
20,14764.2
12,14764.3
4,14764.4
10,14764.4
6,14769.9
4,14770.5
29,14770.7
7,14770.9
20,14771.7
4,14779.0
29,14779.7
30,14779.9
15,14780.0
7,14782.1
21,14782.9
28,14783.0
27,14783.5
30,14786.0
21,14790.5
7,14790.6
27,14792.8
30,14794.0
4,14795.4
13,14795.7
29,14795.8
12,14796.6
22,14797.6
21,14799.4
15,14799.8
2,14799.9
20,14800.0
10,14801.3
8,14801.7
25,14801.7
7,14803.7
12,14807.6
4,14808.2
6,14812.3
20,14812.6
7,14813.6
29,14814.1
4,14815.4
30,14821.0
15,14821.8
29,14822.1
4,14823.0
28,14824.8
6,14831.6
7,14832.4
30,14832.5
21,14833.0
27,14834.8
2,14839.3
4,14839.4
20,14839.8
10,14840.5
12,14842.0
21,14852.0
4,14863.3
6,14863.8
7,14864.4
20,14864.6
29,14865.6
30,14868.7
15,14869.9
4,14870.1
21,14870.7
7,14871.2
28,14872.4
27,14872.6
29,14872.7
30,14876.4
4,14882.1
2,14883.0
20,14883.2
10,14884.3
12,14886.2
7,14887.9
21,14892.3
4,14905.9
21,14911.5
7,14911.7
27,14913.3
30,14913.5
21,14934.6
2,14939.4
10,14940.6
20,14941.0
4,14942.2
12,14942.4
8,14949.1
16,14949.3
25,14949.4
17,14951.1
8,14956.8
21,14957.7
25,14957.8
16,14958.3
7,14958.6
30,14959.0
27,14959.6
17,14963.1
8,14963.6
25,14964.9
16,14966.2
29,14977.6
5,14977.8
9,14979.1
8,14983.0
29,14984.3
21,14984.6
5,14985.2
9,14988.3
29,14995.4
