20,83.0
20,85.4
20,89.6
17,115.3
17,117.6
17,122.0
20,125.2
17,158.6
20,158.7
17,192.8
20,193.6
17,228.6
20,231.0
17,267.1
16,269.5
20,271.7
16,271.9
16,276.7
27,279.9
11,281.3
27,282.3
11,283.5
27,286.5
11,287.4
17,309.5
16,313.5
20,317.8
11,322.1
27,322.1
16,347.9
11,355.1
27,355.8
17,359.9
16,384.0
11,389.3
27,390.8
16,422.9
11,425.6
27,428.2
15,460.3
15,462.6
11,464.8
16,466.1
15,466.9
26,468.5
27,469.1
26,471.0
26,476.8
15,503.2
11,508.3
27,515.4
26,516.1
16,519.0
15,537.2
26,552.8
15,553.4
15,555.9
15,560.8
11,563.7
15,591.1
26,591.9
29,610.2
29,612.6
29,616.7
15,620.7
26,635.4
15,651.2
29,652.0
2,658.9
2,661.5
2,668.3
15,683.1
29,685.3
26,689.8
2,708.2
15,716.8
29,719.9
19,741.9
19,744.2
2,745.7
19,748.9
15,752.7
29,756.9
16,782.2
16,784.7
19,785.1
2,786.1
16,789.4
24,789.5
15,791.4
24,792.2
29,797.0
24,799.7
19,819.1
16,824.3
2,831.6
15,834.1
24,840.1
29,842.0
19,854.7
16,857.3
24,878.2
15,885.5
16,891.7
19,892.9
17,897.9
22,900.1
17,900.3
22,903.1
17,904.7
24,919.5
16,928.4
19,934.8
17,940.4
22,957.2
24,967.0
14,967.9
16,968.2
14,970.7
17,974.2
14,978.1
19,983.7
22,999.8
17,1009.3
16,1012.7
14,1018.1
17,1046.9
22,1049.6
14,1055.8
17,1087.9
14,1096.5
17,1134.7
14,1142.7
9,1180.4
9,1182.8
9,1187.5
12,1193.7
12,1195.9
12,1199.7
9,1224.2
12,1234.1
9,1258.6
12,1266.7
9,1294.6
12,1300.5
9,1333.5
12,1336.5
12,1375.1
9,1376.5
22,1394.2
22,1397.3
11,1398.4
11,1400.6
13,1403.2
11,1404.5
13,1406.1
12,1417.6
9,1428.5
11,1439.0
22,1448.6
21,1456.0
21,1458.1
13,1460.9
21,1461.9
12,1468.4
11,1471.9
22,1488.4
21,1495.9
13,1503.4
11,1505.8
21,1528.4
22,1532.2
11,1542.1
13,1553.0
21,1561.9
11,1581.1
22,1593.0
21,1597.5
11,1624.3
21,1635.6
4,1649.5
4,1652.2
4,1660.1
21,1677.4
11,1677.9
4,1700.7
21,1726.1
4,1739.1
4,1780.8
5,1793.8
5,1796.9
4,1829.1
5,1851.6
3,1870.5
3,1872.6
3,1875.5
3,1881.6
5,1892.8
17,1893.5
17,1895.8
17,1900.2
3,1916.3
17,1936.3
5,1938.0
5,1940.8
3,1948.2
5,1950.7
6,1951.2
6,1953.6
6,1957.9
17,1970.3
3,1981.2
5,1987.2
6,1993.5
17,2005.9
3,2016.2
5,2022.0
6,2027.0
17,2044.0
3,2053.7
5,2059.0
6,2062.1
17,2085.7
3,2094.5
5,2099.2
6,2099.5
18,2129.1
18,2131.3
17,2134.1
18,2135.1
6,2140.2
3,2140.9
1,2144.2
5,2144.3
1,2147.0
1,2157.6
18,2168.8
6,2186.4
1,2198.7
18,2201.1
9,2206.4
9,2208.7
9,2213.1
0,2226.2
0,2229.0
18,2234.4
0,2236.3
1,2238.5
9,2249.3
18,2269.8
0,2276.2
1,2282.5
9,2283.3
18,2307.8
0,2312.1
0,2314.6
9,2318.8
0,2320.2
18,2349.3
0,2354.0
9,2356.9
0,2386.0
18,2397.2
9,2398.7
0,2419.3
2,2439.7
2,2442.3
9,2447.3
2,2449.1
0,2454.7
9,2456.6
9,2459.5
3,2459.9
3,2462.2
3,2466.5
9,2467.2
9,2473.3
9,2478.5
2,2488.9
0,2492.7
3,2500.8
9,2507.8
2,2526.5
3,2533.5
0,2534.3
9,2535.9
29,2548.0
29,2550.4
29,2554.5
9,2564.5
2,2566.8
3,2567.4
0,2582.4
28,2587.6
29,2589.7
28,2590.2
9,2594.4
28,2595.4
3,2603.7
2,2612.2
29,2623.1
9,2625.9
28,2633.3
3,2642.7
29,2657.7
9,2659.2
24,2664.1
24,2666.8
28,2668.6
24,2674.3
3,2685.8
9,2694.6
29,2694.7
28,2705.9
24,2714.7
9,2732.6
29,2734.8
3,2739.0
28,2746.5
24,2752.8
9,2774.2
29,2779.8
12,2789.1
12,2791.3
28,2792.5
24,2794.1
12,2795.2
9,2822.3
12,2829.5
24,2841.5
12,2862.2
10,2887.6
10,2890.0
10,2894.8
12,2896.0
11,2896.5
11,2898.7
17,2900.6
11,2902.7
17,2903.0
17,2907.7
10,2931.7
12,2932.0
11,2937.3
17,2943.9
10,2966.2
11,2970.3
12,2970.8
17,2978.1
10,3002.4
11,3004.6
12,3013.6
17,3013.8
11,3041.0
10,3041.5
17,3052.1
12,3065.3
9,3068.6
9,3071.0
9,3075.6
11,3080.3
10,3084.8
17,3094.1
9,3110.0
11,3123.9
10,3138.7
9,3142.7
17,3143.4
9,3176.7
11,3180.7
9,3212.9
29,3228.1
29,3230.3
16,3232.3
29,3234.6
16,3234.7
16,3239.5
9,3252.0
29,3268.7
16,3276.3
9,3295.3
29,3301.3
16,3310.7
29,3335.1
16,3346.8
9,3349.4
29,3371.1
16,3385.7
29,3409.9
7,3424.3
7,3427.1
16,3428.9
7,3437.3
29,3452.6
7,3478.6
16,3481.8
29,3504.3
7,3518.5
7,3562.7
17,3599.8
17,3602.2
18,3605.3
17,3606.9
18,3607.6
18,3611.4
17,3642.3
18,3645.0
17,3675.9
18,3677.3
18,3710.5
17,3710.8
18,3745.9
17,3748.1
9,3775.5
9,3778.0
9,3782.7
18,3783.8
17,3788.7
9,3818.2
18,3825.2
17,3834.7
9,3851.8
11,3867.4
11,3869.6
18,3872.8
11,3873.5
9,3886.9
10,3892.1
10,3894.4
10,3898.8
11,3907.7
28,3913.7
28,3916.3
23,3916.6
23,3919.8
28,3921.6
9,3924.4
10,3935.2
11,3940.3
28,3959.5
9,3965.3
10,3969.3
11,3974.0
23,3977.4
28,3994.8
10,4005.0
11,4009.9
9,4011.8
23,4025.1
28,4032.3
10,4043.4
11,4048.5
28,4072.9
10,4085.5
11,4091.0
23,4118.1
28,4119.1
23,4121.3
10,4134.9
11,4141.7
23,4164.0
4,4180.7
4,4183.4
4,4190.9
23,4202.7
4,4231.3
23,4244.6
4,4269.6
23,4293.5
4,4311.0
8,4316.3
8,4318.7
8,4323.7
4,4358.7
8,4361.5
8,4396.7
22,4427.6
22,4430.6
8,4433.9
8,4474.3
10,4478.5
10,4480.9
22,4483.7
10,4485.6
0,4507.5
0,4510.3
0,4517.2
8,4519.8
10,4520.8
22,4526.4
10,4554.1
0,4557.1
22,4576.5
10,4588.8
21,4593.8
0,4594.5
21,4596.0
21,4599.8
10,4625.9
21,4633.8
0,4634.8
4,4644.8
4,4647.5
4,4655.2
10,4666.2
21,4666.4
25,4675.6
25,4678.2
0,4680.2
12,4683.1
25,4684.4
12,4685.3
12,4689.2
4,4693.4
21,4699.9
10,4711.5
12,4723.5
25,4723.5
4,4729.7
21,4735.5
12,4756.3
25,4760.0
4,4768.5
21,4773.8
12,4790.1
25,4799.0
4,4811.1
21,4815.9
12,4826.1
29,4832.3
29,4834.7
29,4838.9
25,4842.1
4,4862.1
12,4864.9
21,4865.3
29,4874.2
25,4895.1
29,4907.5
12,4907.7
15,4934.6
15,4936.9
15,4941.6
29,4942.2
12,4959.5
15,4977.9
29,4979.3
15,5012.0
29,5019.6
15,5047.7
10,5062.2
10,5064.7
29,5065.0
10,5069.4
15,5086.0
10,5104.6
15,5128.3
10,5138.0
10,5172.7
15,5177.9
10,5209.8
10,5250.1
10,5290.9
10,5293.2
10,5297.5
16,5318.6
16,5321.0
16,5325.8
10,5329.7
10,5360.9
16,5362.6
27,5389.3
27,5391.7
10,5393.1
27,5396.0
16,5397.0
10,5427.0
27,5431.7
16,5433.1
8,5437.3
8,5439.7
8,5444.6
10,5463.1
27,5465.5
16,5472.0
8,5482.0
26,5490.6
26,5493.2
26,5499.6
27,5500.6
10,5502.3
16,5515.0
8,5516.9
27,5538.2
26,5538.8
10,5545.5
8,5553.7
16,5567.8
26,5575.7
27,5579.2
20,5580.6
20,5583.0
20,5587.2
8,5593.5
10,5599.0
26,5615.0
20,5622.8
27,5626.0
8,5637.9
7,5639.7
24,5642.3
7,5642.5
24,5645.0
24,5652.9
7,5653.8
20,5656.3
26,5658.9
20,5691.2
24,5693.3
7,5695.0
26,5716.9
20,5728.6
24,5731.8
7,5735.1
20,5769.3
24,5773.5
21,5779.8
7,5779.8
21,5781.9
21,5785.7
20,5815.4
21,5819.4
24,5821.8
21,5851.8
21,5885.0
21,5920.3
21,5958.2
21,5999.6
3,6002.1
3,6004.5
3,6008.8
3,6044.8
21,6047.2
3,6078.6
3,6113.9
3,6151.7
3,6193.2
6,6213.5
6,6215.9
6,6220.1
3,6240.8
6,6255.6
6,6289.1
6,6323.9
6,6361.3
6,6401.8
6,6447.6
23,6463.2
23,6466.5
18,6511.5
18,6513.7
18,6517.5
23,6523.2
3,6526.2
3,6528.4
3,6532.7
18,6551.2
21,6565.9
3,6566.7
21,6568.2
23,6571.1
21,6572.0
22,6572.6
22,6575.6
18,6583.5
3,6599.4
21,6605.0
18,6616.8
22,6629.7
3,6633.1
21,6636.9
17,6637.6
17,6640.0
17,6644.7
18,6652.2
3,6668.9
21,6669.9
22,6672.3
16,6677.6
16,6680.0
17,6681.3
16,6684.8
15,6686.0
15,6688.3
18,6690.2
15,6693.0
21,6704.7
3,6707.7
17,6715.8
16,6721.4
22,6722.0
15,6729.3
18,6731.7
7,6735.3
7,6738.1
21,6742.2
25,6745.2
25,6747.8
7,6748.2
3,6750.3
17,6751.8
25,6754.0
16,6755.8
15,6763.4
18,6779.6
21,6782.9
7,6789.2
17,6790.7
16,6791.9
25,6793.1
15,6799.1
3,6801.2
4,6824.9
4,6827.6
7,6828.7
21,6829.0
25,6829.6
16,6830.7
17,6833.5
4,6835.5
15,6837.4
13,6852.3
13,6855.3
25,6868.5
7,6872.3
16,6873.7
4,6876.1
15,6879.4
17,6885.3
13,6908.4
25,6911.7
4,6914.5
16,6925.7
15,6928.7
7,6928.9
13,6951.0
4,6956.2
25,6964.7
13,7000.8
8,7003.7
4,7004.5
8,7006.1
8,7011.0
8,7048.6
8,7083.6
8,7120.7
21,7123.8
21,7126.1
21,7129.9
16,7132.3
16,7134.8
16,7139.4
5,7147.5
5,7150.6
8,7160.8
21,7161.8
16,7173.9
21,7193.2
5,7205.3
8,7205.8
16,7206.6
21,7225.4
16,7240.8
5,7246.5
21,7259.4
6,7261.7
6,7264.1
6,7268.2
27,7273.5
20,7275.8
27,7275.9
16,7277.1
20,7278.2
27,7280.2
20,7282.4
10,7285.0
10,7287.3
10,7291.7
5,7293.1
21,7295.7
6,7303.4
15,7308.2
15,7310.7
15,7315.3
27,7315.9
16,7316.3
20,7317.9
10,7328.5
21,7334.9
6,7336.6
27,7349.7
15,7350.2
20,7351.5
16,7359.8
10,7362.9
6,7371.1
21,7378.3
15,7383.4
27,7384.8
20,7386.4
10,7398.9
6,7408.0
16,7415.4
15,7417.9
27,7422.4
20,7423.7
21,7433.4
10,7437.7
6,7448.0
15,7454.7
18,7455.5
18,7457.8
18,7461.6
27,7463.4
17,7464.0
20,7464.3
17,7466.4
17,7471.1
10,7480.5
8,7481.1
8,7483.5
8,7488.3
6,7492.8
18,7494.7
15,7494.8
17,7507.0
27,7510.2
20,7510.3
10,7520.1
10,7522.5
8,7523.8
18,7526.7
10,7527.0
15,7539.5
17,7540.9
8,7557.4
10,7559.3
18,7559.6
17,7576.4
10,7590.7
8,7592.4
18,7594.5
17,7614.3
10,7623.0
8,7629.9
18,7631.9
17,7656.0
10,7657.2
28,7662.3
28,7664.9
28,7670.1
8,7670.7
18,7672.6
14,7674.9
14,7677.7
14,7685.1
10,7693.7
21,7701.9
17,7704.0
21,7704.2
21,7707.9
28,7708.0
8,7717.1
18,7718.7
14,7725.1
10,7733.1
21,7739.7
28,7743.3
24,7757.9
24,7760.6
14,7762.8
24,7768.5
21,7771.2
10,7776.9
28,7780.6
21,7803.5
14,7803.5
24,7808.9
28,7821.2
10,7835.6
21,7837.5
24,7847.2
14,7849.7
28,7867.2
21,7873.7
24,7888.8
24,7897.3
24,7900.8
21,7912.8
24,7934.8
21,7956.1
24,7967.9
24,8002.4
21,8010.2
24,8039.1
25,8059.5
25,8062.1
25,8068.3
24,8078.8
25,8107.2
7,8111.7
7,8114.5
24,8123.0
7,8125.8
25,8143.6
7,8166.9
25,8182.4
7,8206.9
25,8225.2
7,8251.4
25,8277.0
26,8286.7
26,8289.3
26,8295.7
28,8322.1
28,8324.5
28,8329.6
26,8334.9
28,8366.3
26,8371.8
23,8379.8
23,8383.0
28,8400.8
26,8411.1
10,8421.0
10,8423.3
10,8428.0
28,8437.1
23,8440.5
26,8455.0
10,8464.1
28,8476.2
12,8487.4
23,8488.2
12,8489.6
12,8493.4
10,8498.0
22,8501.6
22,8504.6
26,8513.0
28,8519.5
27,8520.3
27,8522.7
27,8526.9
12,8527.8
10,8533.4
22,8557.7
12,8560.4
27,8562.3
10,8571.6
28,8573.8
12,8594.2
27,8595.9
22,8600.4
10,8613.3
15,8626.3
15,8628.6
12,8630.2
27,8630.7
15,8633.3
22,8650.4
10,8661.7
27,8667.9
12,8668.8
29,8669.4
15,8669.5
29,8671.8
29,8676.0
20,8682.2
20,8684.6
20,8688.8
15,8703.5
27,8708.4
12,8711.3
29,8711.4
20,8724.3
15,8739.1
29,8744.8
27,8754.1
20,8757.8
12,8762.1
15,8777.3
29,8779.5
20,8792.6
14,8796.4
14,8799.2
14,8806.2
29,8816.8
15,8819.2
8,8822.1
8,8824.5
8,8829.5
20,8830.0
13,8837.1
13,8840.1
14,8845.8
29,8857.2
8,8861.0
8,8863.4
15,8868.1
8,8868.5
20,8870.5
14,8883.2
13,8893.1
8,8899.4
29,8902.7
25,8908.7
25,8911.3
20,8916.3
25,8917.5
14,8923.3
8,8929.2
13,8935.6
25,8955.8
3,8957.4
3,8959.8
8,8959.8
3,8964.5
14,8968.3
13,8985.2
25,8991.7
8,8992.0
3,9000.6
8,9026.1
25,9029.9
3,9034.5
29,9058.2
29,9060.6
8,9062.5
29,9064.7
3,9069.9
25,9071.8
22,9076.3
22,9079.3
29,9097.2
8,9101.8
3,9107.9
25,9120.7
29,9128.7
22,9129.3
8,9145.4
9,9146.4
9,9148.8
3,9149.5
9,9153.5
29,9161.1
22,9169.7
9,9190.2
29,9195.6
3,9197.7
8,9201.9
22,9214.7
9,9224.6
29,9232.3
9,9260.6
29,9272.0
9,9299.5
29,9316.3
9,9342.5
9,9394.5
11,9406.5
11,9408.7
11,9412.6
11,9447.3
19,9470.1
19,9472.4
4,9475.0
19,9476.7
4,9477.7
11,9480.3
4,9485.2
13,9510.1
19,9512.8
13,9513.1
11,9514.5
4,9525.6
2,9544.6
19,9546.8
2,9547.1
11,9550.8
2,9553.7
4,9563.9
13,9563.9
19,9582.2
11,9590.0
2,9593.6
13,9604.8
4,9605.3
28,9616.2
23,9616.4
28,9618.8
23,9619.7
19,9620.2
7,9620.8
7,9623.6
28,9624.1
2,9630.9
11,9633.5
7,9634.9
13,9650.5
4,9653.0
19,9661.8
28,9661.9
2,9671.0
23,9675.3
7,9676.1
11,9688.9
28,9697.3
19,9709.9
2,9716.0
7,9716.2
23,9722.6
28,9734.8
1,9754.7
1,9757.5
7,9760.8
1,9768.1
28,9775.4
13,9803.5
13,9806.5
1,9809.2
28,9821.4
21,9839.1
21,9841.3
0,9842.7
0,9845.1
21,9845.1
1,9849.0
0,9849.2
13,9854.5
10,9862.2
10,9864.6
10,9869.4
21,9879.1
0,9888.8
13,9892.3
1,9893.0
10,9906.2
21,9911.7
0,9924.6
13,9932.9
10,9940.6
21,9945.2
0,9962.4
26,9966.1
26,9968.7
26,9975.1
10,9976.7
13,9978.9
21,9980.8
0,10003.7
26,10014.3
10,10015.6
21,10019.1
0,10051.1
26,10051.1
10,10058.6
21,10061.2
26,10090.5
21,10110.6
10,10111.3
26,10134.2
19,10142.8
23,10144.9
19,10145.2
23,10148.2
19,10149.4
19,10184.4
26,10191.2
13,10196.2
23,10197.2
13,10198.8
13,10202.9
19,10217.5
23,10240.4
13,10242.1
19,10251.9
13,10277.5
19,10288.6
23,10292.1
13,10314.7
19,10328.4
13,10355.3
19,10372.8
13,10401.0
17,10406.1
17,10408.5
17,10413.2
10,10414.6
10,10417.0
10,10421.7
17,10449.8
10,10456.7
17,10484.3
10,10490.0
17,10520.3
10,10524.6
17,10559.2
10,10561.5
10,10601.5
17,10602.0
5,10608.1
5,10611.1
5,10625.0
10,10646.4
17,10653.8
5,10661.4
5,10664.3
5,10675.3
5,10710.2
5,10743.7
18,10749.7
18,10751.9
18,10755.7
26,10765.5
26,10768.1
26,10774.4
5,10779.1
18,10789.4
21,10807.8
21,10809.9
26,10813.0
21,10813.7
5,10817.1
18,10821.7
21,10847.1
26,10849.1
3,10850.8
3,10853.2
18,10855.0
3,10857.5
5,10858.6
16,10869.7
16,10872.1
16,10876.9
21,10879.4
26,10887.5
18,10890.4
3,10893.5
5,10906.5
21,10912.5
16,10913.7
3,10927.3
18,10928.4
26,10929.9
21,10947.6
16,10948.1
3,10962.6
27,10966.0
27,10968.4
18,10969.9
8,10972.4
27,10972.7
8,10974.8
17,10975.1
17,10977.5
26,10979.8
8,10979.8
17,10982.1
16,10984.2
21,10985.2
3,11000.4
27,11008.4
17,11017.0
8,11017.6
18,11017.8
5,11021.3
16,11023.1
5,11024.2
21,11026.2
5,11035.9
3,11041.7
27,11042.2
17,11050.1
8,11052.8
18,11063.1
18,11065.2
16,11066.3
18,11068.9
21,11073.0
5,11073.6
27,11077.3
17,11084.5
3,11089.2
8,11090.0
18,11096.7
5,11110.0
27,11114.9
16,11119.2
17,11121.4
18,11127.1
8,11130.4
5,11149.2
27,11155.9
18,11157.6
17,11161.2
8,11175.9
18,11189.6
5,11192.4
27,11202.7
17,11205.7
28,11211.3
28,11213.9
28,11219.2
18,11223.6
5,11246.3
28,11257.2
18,11259.9
28,11292.6
18,11298.9
28,11330.0
18,11342.0
20,11345.9
20,11348.3
20,11352.6
28,11370.7
20,11388.3
18,11395.3
12,11399.1
12,11401.3
12,11405.1
28,11416.9
20,11421.9
12,11439.5
20,11456.9
8,11464.1
8,11466.5
8,11471.3
12,11472.1
20,11494.6
4,11499.7
4,11502.4
12,11505.9
8,11506.9
4,11509.9
14,11523.5
11,11524.5
14,11526.3
11,11526.7
11,11530.7
14,11533.3
20,11535.5
8,11540.6
12,11541.9
4,11550.3
11,11565.4
14,11573.3
8,11575.7
12,11580.5
20,11582.1
4,11588.4
11,11598.5
14,11610.8
8,11613.3
12,11623.0
4,11629.9
11,11632.7
14,11651.2
8,11654.3
11,11669.2
12,11673.8
4,11677.5
14,11696.8
8,11701.1
5,11705.7
5,11708.5
11,11708.6
8,11709.4
8,11712.7
5,11724.7
8,11734.1
7,11745.5
7,11748.3
11,11752.4
7,11758.5
5,11764.5
8,11766.7
8,11799.1
7,11799.8
5,11804.2
11,11811.5
8,11833.1
7,11839.7
21,11843.2
21,11845.3
5,11848.2
21,11849.1
8,11869.5
21,11882.6
7,11883.9
17,11889.9
17,11892.3
17,11897.0
8,11908.7
5,11913.7
21,11914.9
17,11933.1
21,11948.0
8,11952.2
17,11967.0
21,11983.1
8,11998.6
8,12001.0
17,12002.5
23,12003.3
8,12005.8
23,12006.6
9,12014.9
9,12017.3
21,12020.8
9,12022.0
8,12039.5
17,12040.6
10,12054.9
10,12057.3
9,12058.7
21,12062.0
10,12062.1
23,12063.2
8,12071.4
17,12082.3
9,12093.1
22,12094.2
22,12097.2
10,12098.9
8,12104.5
21,12109.1
23,12111.1
9,12129.1
17,12130.7
10,12133.3
8,12139.6
4,12149.5
22,12151.3
4,12152.4
4,12160.8
9,12168.0
10,12169.6
8,12177.4
22,12193.9
4,12200.0
10,12208.6
9,12211.0
8,12218.7
4,12237.2
22,12243.7
10,12251.7
9,12263.0
8,12265.8
4,12277.2
10,12304.9
4,12322.0
3,12524.5
3,12526.9
3,12531.6
3,12567.6
7,12573.4
7,12576.2
2,12583.5
2,12586.0
7,12587.3
2,12592.6
3,12601.4
7,12627.8
2,12632.5
1,12636.0
3,12636.9
1,12638.7
1,12647.4
4,12665.7
7,12667.3
4,12668.3
19,12668.9
2,12669.8
19,12671.2
3,12675.0
4,12675.1
19,12675.5
1,12688.8
2,12709.9
7,12710.6
19,12711.6
4,12713.8
3,12716.7
1,12728.3
19,12745.5
4,12750.1
2,12754.9
7,12764.7
3,12765.0
1,12771.8
19,12780.9
4,12788.8
19,12818.9
1,12827.2
4,12831.5
26,12856.5
26,12859.0
19,12860.5
26,12864.8
23,12870.9
23,12874.1
28,12876.4
28,12879.0
4,12882.9
28,12884.2
26,12904.0
19,12908.6
28,12922.1
23,12928.4
26,12940.8
28,12957.4
23,12974.1
21,12978.5
26,12979.9
21,12980.7
21,12984.5
28,12994.7
21,13018.2
26,13023.2
28,13035.2
21,13050.5
26,13077.4
28,13081.2
21,13083.8
21,13119.2
7,13139.1
7,13141.9
7,13151.6
21,13157.2
7,13191.3
21,13198.8
7,13229.4
22,13235.5
22,13238.5
21,13246.9
7,13270.7
11,13290.5
22,13291.0
8,13292.0
11,13292.7
8,13294.4
11,13296.7
8,13299.3
7,13318.1
11,13331.4
22,13333.3
8,13336.8
4,13349.9
4,13352.7
4,13360.0
11,13364.3
28,13366.1
28,13368.5
8,13371.8
28,13373.4
22,13382.2
11,13398.6
4,13399.4
8,13408.7
28,13409.3
11,13435.0
4,13436.5
28,13443.0
8,13448.6
11,13474.3
0,13475.7
4,13476.3
28,13478.4
0,13478.5
0,13485.8
11,13490.0
11,13492.4
8,13493.4
11,13496.8
28,13516.4
4,13520.7
0,13525.7
11,13527.1
11,13557.0
28,13557.8
0,13563.3
19,13574.4
19,13576.8
19,13581.1
11,13587.5
0,13603.8
28,13605.5
19,13616.6
11,13619.6
0,13649.8
19,13650.2
11,13653.5
19,13685.1
11,13689.8
19,13722.5
11,13728.8
19,13763.2
11,13772.0
19,13809.3
18,13820.2
18,13822.3
11,13825.6
18,13826.1
18,13859.9
11,13892.0
18,13892.3
11,13894.3
11,13898.1
9,13917.1
9,13919.5
9,13924.2
18,13925.5
11,13929.0
2,13929.1
2,13931.6
2,13938.2
24,13959.0
11,13960.0
18,13960.7
9,13960.8
24,13961.7
24,13969.6
2,13977.9
11,13991.5
9,13995.2
18,13998.5
28,14009.2
24,14010.0
28,14011.6
2,14015.1
28,14016.7
11,14024.9
9,14031.3
18,14039.8
24,14048.5
28,14053.2
2,14055.0
11,14060.3
9,14070.1
18,14087.2
28,14087.7
24,14090.2
11,14098.3
2,14099.7
9,14112.9
28,14123.8
24,14138.5
11,14139.9
28,14162.7
9,14164.6
11,14188.1
28,14205.7
15,14254.9
15,14257.2
28,14258.3
15,14261.5
29,14271.9
29,14274.3
29,14278.4
15,14297.8
29,14313.7
16,14328.1
16,14330.4
15,14331.8
16,14334.8
11,14337.4
11,14339.7
11,14343.8
29,14347.0
6,14351.5
6,14353.9
6,14358.2
15,14367.3
16,14371.5
11,14375.6
29,14381.6
6,14393.8
15,14405.4
16,14405.8
11,14406.9
29,14418.6
18,14420.3
18,14422.6
18,14426.3
6,14427.3
11,14439.1
16,14441.7
15,14447.2
18,14458.2
29,14458.7
6,14462.4
11,14473.0
18,14480.3
16,14480.5
18,14482.4
18,14486.0
15,14490.6
15,14492.9
15,14497.2
6,14499.8
29,14503.7
18,14507.5
11,14509.1
16,14523.3
15,14529.1
18,14535.6
6,14540.5
11,14548.2
9,14553.0
9,14555.5
15,14560.1
9,14560.2
18,14563.3
16,14574.6
20,14582.9
20,14585.3
6,14586.7
20,14589.6
11,14591.5
15,14592.0
18,14592.2
9,14595.6
3,14622.0
18,14622.5
3,14624.4
20,14625.3
15,14625.7
9,14629.0
3,14629.1
11,14644.9
18,14654.4
20,14658.9
15,14661.6
9,14663.8
3,14665.2
18,14688.1
20,14693.9
3,14699.1
15,14700.3
9,14701.2
2,14707.4
2,14710.0
2,14716.7
18,14724.0
20,14731.6
3,14734.5
9,14741.7
15,14742.9
2,14755.8
18,14762.7
20,14772.5
3,14772.5
14,14775.4
14,14778.2
14,14785.6
9,14787.5
2,14792.6
15,14794.2
18,14805.4
3,14814.1
20,14819.1
14,14825.6
2,14832.0
18,14856.7
3,14862.3
14,14863.3
2,14875.6
14,14904.0
20,14916.2
20,14918.6
20,14922.8
2,14932.0
1,14942.1
1,14944.9
14,14950.2
20,14955.1
1,14955.5
28,14970.3
28,14972.7
28,14977.7
20,14986.4
1,14996.6
