30,88.9
1,89.0
14,89.2
9,89.2
8,89.7
7,89.8
25,89.9
29,90.2
15,90.3
31,90.5
21,90.5
5,90.9
20,91.0
16,91.1
17,91.3
13,91.4
18,91.7
19,91.7
4,91.8
26,92.2
3,92.4
6,92.5
10,92.8
28,92.9
2,93.3
22,93.5
30,93.5
9,93.9
1,94.3
14,94.3
8,96.7
7,96.8
25,97.1
29,97.5
5,98.3
21,99.0
13,99.0
15,99.0
30,99.1
4,99.8
1,100.4
31,100.7
14,100.8
20,101.9
9,101.9
6,102.5
30,109.5
14,111.4
5,112.9
17,113.0
16,113.1
1,113.3
25,118.1
8,119.4
26,119.5
13,119.8
30,168.6
1,168.7
14,168.8
9,168.9
8,169.4
7,169.4
25,169.5
29,169.9
15,170.0
31,170.2
21,170.2
5,170.4
20,170.6
16,170.8
17,170.9
13,171.0
4,171.3
19,171.3
18,171.3
26,171.8
3,171.8
6,172.0
10,172.4
28,172.5
2,172.9
22,173.0
30,173.1
9,173.5
1,173.7
14,173.8
8,176.2
7,176.3
25,176.6
29,176.9
5,177.6
15,178.2
21,178.4
13,178.4
30,178.6
4,179.1
1,179.5
31,179.6
20,180.7
9,180.9
14,181.0
6,183.2
16,187.5
30,188.8
25,189.5
17,189.6
19,190.4
9,190.9
14,191.8
1,191.8
5,193.8
18,194.8
25,200.5
13,204.6
7,205.8
8,210.1
19,210.9
9,213.0
30,248.6
1,248.6
9,248.8
14,248.8
8,249.2
7,249.4
25,249.5
29,249.7
15,249.9
31,250.1
21,250.1
5,250.4
20,250.5
16,250.6
17,250.8
13,251.0
19,251.2
18,251.2
4,251.3
26,251.7
3,251.9
6,252.0
10,252.3
28,252.4
2,252.7
22,253.0
30,253.0
9,253.4
1,253.6
14,253.7
8,256.1
7,256.1
25,256.4
29,256.8
5,258.0
30,258.2
15,258.2
21,258.2
13,258.6
1,259.1
31,259.4
4,259.4
20,260.6
14,260.6
9,260.7
6,262.7
16,267.5
30,267.7
17,269.7
1,269.9
14,270.8
18,273.8
5,273.8
8,276.7
26,277.4
13,277.8
25,281.5
7,287.7
5,312.5
1,312.8
13,313.0
4,313.3
30,313.7
5,333.1
1,338.1
30,633.8
1,633.9
9,634.0
14,634.0
8,634.5
25,634.7
7,634.7
29,635.0
15,635.2
21,635.3
31,635.4
5,635.8
20,635.8
16,636.0
17,636.2
13,636.3
19,636.5
18,636.5
4,636.6
26,637.0
3,637.2
6,637.3
10,637.6
28,637.8
2,638.1
30,638.4
22,638.4
9,638.7
1,639.0
14,639.2
7,641.7
8,641.7
25,642.1
29,642.4
5,642.9
13,643.6
15,643.7
21,644.0
30,644.1
4,644.5
1,645.0
14,645.2
31,645.5
9,646.3
20,646.3
6,646.6
19,649.5
25,649.6
30,655.2
9,655.3
14,656.7
16,657.4
17,657.9
1,658.2
5,659.0
25,659.2
26,663.3
19,666.0
8,669.8
13,671.4
1,713.6
30,713.6
9,713.8
14,713.8
8,714.2
7,714.4
25,714.5
29,714.8
15,714.9
21,715.1
31,715.1
5,715.4
20,715.5
16,715.7
17,715.8
13,716.0
19,716.2
18,716.2
4,716.3
26,716.7
3,716.8
6,716.9
28,717.3
10,717.3
2,717.7
30,717.9
22,717.9
9,718.4
14,718.7
1,718.7
8,721.0
7,721.1
25,721.4
29,721.8
5,722.4
15,723.3
13,723.3
30,723.4
21,723.5
4,724.1
14,724.5
1,724.6
31,724.7
9,724.9
20,725.6
6,726.0
19,726.6
25,727.5
16,730.5
17,730.8
8,731.8
1,731.9
30,733.6
9,734.0
14,736.1
5,739.5
18,739.6
25,740.3
16,740.5
17,741.8
1,743.4
19,746.1
8,749.6
30,793.5
1,793.6
14,793.7
9,793.8
8,794.2
7,794.3
25,794.5
29,794.7
15,794.9
21,795.0
31,795.1
5,795.5
20,795.5
16,795.6
17,795.7
13,796.1
18,796.1
19,796.2
4,796.4
26,796.7
6,796.9
3,796.9
10,797.2
28,797.4
2,797.6
22,797.9
30,798.0
9,798.2
1,798.5
14,798.7
8,800.9
7,801.2
25,801.4
29,801.6
5,802.6
15,803.1
21,803.3
13,803.3
30,803.3
4,804.2
31,804.5
9,804.5
1,804.5
14,804.7
20,805.4
6,805.9
19,806.1
25,807.5
16,811.5
30,813.6
9,813.8
17,814.4
14,816.9
1,817.1
18,818.7
25,820.0
5,820.9
26,824.2
19,825.3
8,825.3
7,835.5
5,855.8
1,856.1
13,856.3
4,856.6
30,857.0
1,873.1
30,873.4
5,873.6
14,873.7
9,873.7
8,874.2
7,874.3
25,874.4
29,874.6
15,874.8
13,874.8
21,875.0
31,875.0
20,875.4
16,875.6
4,875.6
17,875.8
18,876.1
19,876.2
26,876.6
3,876.8
6,877.0
10,877.1
28,877.2
2,877.6
1,877.7
30,877.8
22,877.9
9,878.2
14,878.7
8,881.0
25,881.2
7,881.2
29,881.7
5,882.1
15,882.9
21,883.1
30,883.1
13,883.2
1,883.3
4,884.1
9,884.2
14,884.5
31,884.5
20,885.5
19,885.5
6,886.2
25,887.3
16,889.1
17,889.4
1,889.6
8,890.5
30,892.1
5,893.5
9,893.6
14,896.1
18,896.5
13,897.2
1,899.1
16,899.5
17,900.9
26,902.0
25,902.4
19,906.3
8,910.6
7,913.9
5,935.1
1,935.3
13,935.6
4,935.8
30,935.9
5,954.7
1,956.3
30,1258.7
1,1258.8
14,1258.9
9,1259.0
8,1259.5
7,1259.6
25,1259.7
29,1260.0
15,1260.1
21,1260.3
31,1260.3
5,1260.7
20,1260.8
16,1260.9
17,1261.1
13,1261.2
19,1261.4
18,1261.5
4,1261.5
26,1262.0
6,1262.2
3,1262.2
10,1262.6
28,1262.7
2,1263.1
30,1263.2
22,1263.3
9,1263.7
1,1263.7
14,1264.1
8,1266.5
7,1266.6
25,1266.7
29,1267.2
5,1267.7
13,1268.4
15,1268.6
21,1268.8
30,1269.0
9,1269.4
4,1269.7
1,1270.1
14,1270.1
19,1270.2
31,1270.4
20,1271.3
6,1271.4
25,1273.8
16,1275.1
17,1275.3
8,1276.3
1,1276.9
9,1279.5
30,1280.5
14,1281.4
5,1284.5
17,1285.5
16,1285.7
26,1287.2
25,1288.0
1,1289.7
19,1290.3
8,1294.1
30,1338.5
1,1338.5
9,1338.7
14,1338.7
8,1339.2
7,1339.4
25,1339.4
29,1339.7
15,1339.9
21,1340.0
31,1340.1
5,1340.4
20,1340.5
16,1340.6
17,1340.7
13,1340.9
19,1341.1
18,1341.1
4,1341.2
26,1341.6
3,1341.8
6,1341.8
10,1342.1
28,1342.4
2,1342.7
30,1342.8
22,1343.0
9,1343.3
1,1343.4
14,1343.5
25,1345.9
8,1346.0
7,1346.2
29,1346.9
5,1347.3
13,1348.1
15,1348.1
30,1348.3
21,1348.4
9,1348.7
4,1349.2
1,1349.3
19,1349.4
14,1349.4
31,1349.5
20,1350.5
6,1350.8
16,1351.2
17,1351.4
25,1353.0
8,1353.6
1,1356.0
9,1358.3
30,1358.9
14,1361.1
16,1362.1
17,1363.3
18,1364.5
5,1371.9
1,1376.2
8,1377.3
30,1418.5
1,1418.6
14,1418.7
9,1418.7
8,1419.2
7,1419.3
25,1419.4
29,1419.6
15,1419.8
21,1420.0
31,1420.0
20,1420.4
5,1420.4
16,1420.6
17,1420.7
13,1421.0
19,1421.1
18,1421.1
4,1421.3
26,1421.6
3,1421.8
6,1421.9
10,1422.1
28,1422.3
2,1422.6
30,1422.8
22,1422.9
9,1423.3
1,1423.4
14,1423.6
25,1425.9
7,1426.0
8,1426.0
29,1426.7
5,1427.4
21,1428.1
13,1428.2
30,1428.2
15,1428.2
9,1428.6
1,1429.0
4,1429.2
19,1429.3
14,1429.4
31,1429.6
20,1430.5
16,1430.7
17,1430.9
6,1430.9
25,1433.0
8,1433.4
1,1435.9
9,1438.4
30,1438.8
16,1441.7
14,1441.8
17,1443.0
18,1443.7
26,1446.6
5,1450.6
25,1451.5
1,1453.7
7,1456.9
19,1461.4
5,1481.1
1,1481.3
13,1481.7
4,1481.9
30,1482.3
1,1498.0
30,1498.3
5,1498.6
14,1498.6
9,1498.7
8,1499.1
7,1499.2
25,1499.4
29,1499.6
15,1499.8
13,1499.9
21,1499.9
31,1499.9
20,1500.4
16,1500.6
4,1500.6
17,1500.7
18,1501.0
19,1501.1
26,1501.6
3,1501.7
6,1501.9
10,1502.0
28,1502.3
2,1502.5
30,1502.7
1,1502.8
22,1502.8
9,1503.1
14,1503.6
8,1505.8
25,1505.8
7,1506.1
5,1506.3
29,1506.5
13,1507.4
30,1507.9
1,1507.9
15,1508.0
21,1508.2
4,1508.4
9,1508.5
19,1509.1
31,1509.4
14,1509.6
16,1510.1
17,1510.3
20,1510.3
6,1511.0
25,1513.0
8,1513.3
1,1514.0
30,1517.3
9,1518.4
5,1518.8
16,1521.6
17,1522.6
14,1522.6
13,1522.7
18,1523.5
26,1526.7
1,1527.6
7,1539.3
5,1559.7
1,1559.9
13,1560.2
30,1560.4
4,1560.4
5,1580.0
1,1582.4
1,1883.7
30,1883.7
14,1883.9
9,1883.9
8,1884.4
7,1884.6
25,1884.6
29,1884.9
15,1885.0
21,1885.2
31,1885.3
20,1885.7
5,1885.7
16,1885.8
17,1886.0
13,1886.2
18,1886.4
4,1886.5
19,1886.5
26,1886.9
3,1887.1
6,1887.2
10,1887.5
28,1887.6
2,1888.0
30,1888.2
22,1888.3
9,1888.6
1,1888.7
14,1889.0
8,1891.4
25,1891.5
7,1891.6
29,1892.2
5,1892.7
13,1893.5
15,1893.6
1,1893.7
21,1893.9
30,1894.1
9,1894.1
16,1894.5
17,1894.7
19,1894.9
4,1894.9
31,1895.4
14,1895.6
20,1896.2
6,1896.6
25,1899.1
8,1899.7
1,1901.0
9,1904.5
30,1905.9
17,1906.4
16,1906.8
14,1908.0
5,1909.7
26,1912.1
25,1915.0
19,1916.7
1,1963.5
30,1963.5
9,1963.7
14,1963.7
8,1964.1
7,1964.3
25,1964.4
29,1964.6
15,1964.8
31,1965.0
21,1965.0
5,1965.4
20,1965.5
16,1965.5
17,1965.6
13,1965.9
19,1966.1
18,1966.1
4,1966.2
26,1966.6
3,1966.8
6,1966.9
10,1967.1
28,1967.3
2,1967.7
30,1967.8
22,1967.9
9,1968.3
1,1968.4
14,1968.5
8,1970.8
25,1970.8
7,1971.3
29,1971.7
5,1972.3
13,1973.1
1,1973.1
15,1973.2
30,1973.3
21,1973.4
16,1973.5
9,1973.6
17,1973.7
4,1974.2
19,1974.2
31,1974.2
14,1974.8
20,1975.5
6,1976.0
25,1977.9
8,1979.4
1,1980.4
9,1983.6
30,1984.3
16,1985.8
17,1986.9
14,1988.4
18,1989.6
5,1999.8
1,2023.3
30,2043.4
1,2043.5
9,2043.6
14,2043.6
8,2044.1
7,2044.2
25,2044.3
29,2044.5
15,2044.7
21,2044.9
31,2044.9
20,2045.3
5,2045.4
16,2045.5
17,2045.6
18,2046.0
13,2046.0
19,2046.1
4,2046.3
26,2046.5
3,2046.7
6,2046.8
10,2047.0
28,2047.2
2,2047.5
30,2047.8
22,2047.8
9,2048.1
1,2048.4
14,2048.5
8,2050.7
25,2050.8
7,2051.1
29,2051.6
5,2052.4
21,2053.0
1,2053.1
15,2053.1
13,2053.2
16,2053.5
30,2053.5
9,2053.5
17,2053.7
19,2054.1
4,2054.3
31,2054.4
14,2054.8
20,2055.4
6,2056.1
25,2058.0
8,2059.1
1,2060.6
9,2063.4
30,2064.4
16,2065.7
17,2066.9
18,2068.7
14,2069.1
26,2071.1
5,2077.3
25,2083.8
7,2086.1
29,2089.7
5,2106.7
1,2106.9
13,2107.2
4,2107.6
30,2107.9
1,2123.0
30,2123.3
14,2123.6
9,2123.6
5,2123.7
8,2124.1
7,2124.2
25,2124.3
29,2124.5
15,2124.7
13,2124.8
21,2124.9
31,2124.9
20,2125.3
16,2125.5
17,2125.6
4,2125.6
18,2126.0
19,2126.1
26,2126.5
3,2126.6
6,2126.8
10,2127.0
28,2127.1
2,2127.5
1,2127.6
30,2127.7
22,2127.8
9,2128.1
14,2128.5
8,2130.6
25,2130.7
7,2131.1
5,2131.3
29,2131.6
1,2132.1
13,2132.2
15,2132.8
30,2132.9
21,2133.0
16,2133.3
4,2133.4
9,2133.5
17,2133.5
19,2134.0
31,2134.3
14,2134.7
20,2135.4
6,2136.3
25,2138.0
1,2138.4
8,2139.3
30,2142.4
9,2143.6
5,2143.8
16,2145.7
17,2146.9
13,2147.7
18,2148.5
14,2149.1
26,2151.9
1,2152.3
7,2165.6
5,2184.9
1,2185.1
13,2185.5
4,2185.7
30,2185.9
5,2205.3
1,2207.8
30,2508.6
1,2508.7
14,2508.9
9,2508.9
8,2509.4
7,2509.5
25,2509.6
29,2509.9
15,2510.0
31,2510.2
21,2510.2
20,2510.7
5,2510.7
16,2510.8
17,2511.0
13,2511.2
19,2511.4
18,2511.4
4,2511.5
26,2511.9
3,2512.1
6,2512.2
10,2512.5
28,2512.6
2,2513.0
30,2513.1
22,2513.2
9,2513.6
1,2513.8
14,2513.9
25,2516.0
8,2516.4
7,2516.5
29,2517.2
5,2517.7
15,2518.5
13,2518.5
21,2518.7
1,2518.9
30,2518.9
19,2519.3
9,2519.3
4,2519.8
16,2519.8
17,2520.0
14,2520.3
31,2520.3
20,2521.2
6,2521.5
25,2523.6
8,2524.7
1,2526.4
30,2530.4
9,2530.4
17,2531.4
16,2531.8
14,2532.5
5,2534.1
26,2537.4
25,2540.3
19,2553.3
30,2588.4
1,2588.5
9,2588.6
14,2588.6
8,2589.1
7,2589.3
25,2589.3
29,2589.5
15,2589.7
21,2589.9
31,2589.9
20,2590.4
5,2590.4
16,2590.5
17,2590.6
13,2590.9
19,2591.0
18,2591.0
4,2591.2
26,2591.5
3,2591.7
6,2591.9
10,2592.1
28,2592.2
2,2592.6
30,2592.8
22,2592.9
9,2593.2
1,2593.3
14,2593.6
25,2595.3
8,2595.8
7,2596.1
29,2596.6
5,2597.3
1,2598.1
15,2598.1
13,2598.1
21,2598.3
30,2598.5
9,2598.6
19,2598.7
16,2598.8
17,2598.9
4,2599.2
31,2599.3
14,2599.7
20,2600.4
6,2601.0
25,2602.8
8,2604.0
1,2605.3
9,2608.9
30,2609.5
16,2610.8
17,2611.7
14,2612.8
18,2614.6
5,2621.9
30,2668.4
1,2668.5
14,2668.6
9,2668.6
8,2669.1
7,2669.2
25,2669.3
29,2669.5
15,2669.7
31,2669.9
21,2669.9
20,2670.3
5,2670.4
16,2670.5
17,2670.6
13,2670.9
19,2671.0
18,2671.0
4,2671.2
26,2671.5
3,2671.7
6,2671.8
10,2672.0
28,2672.2
2,2672.5
30,2672.6
22,2672.8
1,2673.2
9,2673.2
14,2673.4
25,2675.3
8,2675.8
7,2675.9
29,2676.6
5,2677.3
21,2678.0
1,2678.0
15,2678.1
13,2678.2
30,2678.3
9,2678.6
16,2678.7
19,2678.7
17,2678.9
31,2679.2
4,2679.4
14,2679.6
20,2680.4
6,2681.0
25,2682.7
8,2684.1
1,2685.2
30,2689.2
9,2689.3
16,2690.7
17,2691.8
14,2693.2
18,2693.7
26,2700.5
25,2705.8
7,2707.0
1,2707.0
29,2723.4
5,2732.5
1,2732.8
13,2733.1
4,2733.4
30,2733.6
1,2748.1
30,2748.2
14,2748.5
9,2748.6
7,2749.1
5,2749.1
8,2749.1
25,2749.3
29,2749.5
15,2749.7
21,2749.8
13,2749.8
31,2749.8
20,2750.3
16,2750.5
4,2750.5
17,2750.6
18,2751.0
19,2751.0
26,2751.5
3,2751.7
6,2751.8
10,2751.9
28,2752.1
2,2752.5
30,2752.5
22,2752.7
1,2752.8
9,2753.2
14,2753.4
25,2755.2
8,2755.7
7,2756.0
29,2756.6
5,2757.1
1,2757.3
30,2757.8
13,2757.8
15,2757.9
21,2758.1
16,2758.5
9,2758.7
17,2758.7
19,2758.7
4,2758.8
31,2759.3
14,2759.7
20,2760.4
6,2761.2
25,2762.9
1,2763.3
8,2764.3
30,2766.9
9,2769.3
5,2769.5
16,2770.8
13,2771.7
17,2772.0
14,2773.2
18,2773.6
26,2776.2
1,2776.5
5,2810.6
1,2810.8
13,2811.2
4,2811.4
30,2811.7
5,2830.6
1,2833.9
1,3133.7
30,3133.7
14,3133.9
9,3133.9
8,3134.4
25,3134.6
7,3134.6
29,3134.9
15,3135.1
21,3135.2
31,3135.3
20,3135.8
5,3135.8
16,3136.0
17,3136.2
13,3136.4
18,3136.5
19,3136.7
4,3136.8
26,3137.1
3,3137.3
6,3137.6
28,3137.8
10,3137.8
30,3138.0
2,3138.4
9,3138.5
1,3138.6
14,3138.8
22,3138.9
25,3141.0
8,3141.6
7,3141.9
29,3142.5
5,3143.3
1,3143.7
30,3144.1
13,3144.1
9,3144.1
15,3144.2
21,3144.4
19,3144.6
16,3144.6
17,3144.9
14,3145.7
4,3146.4
31,3146.4
20,3147.8
25,3149.2
6,3149.3
8,3150.8
1,3151.6
9,3156.7
30,3158.2
17,3159.3
16,3160.1
14,3162.9
30,3213.4
1,3213.5
14,3213.6
9,3213.7
8,3214.2
7,3214.3
25,3214.4
29,3214.7
15,3214.9
21,3215.0
31,3215.1
20,3215.5
5,3215.5
16,3215.8
17,3215.9
13,3216.2
18,3216.3
19,3216.4
4,3216.5
26,3216.8
3,3217.0
6,3217.3
10,3217.5
28,3217.5
30,3217.7
9,3218.1
2,3218.1
1,3218.2
22,3218.4
14,3218.5
25,3220.4
8,3221.0
7,3221.5
29,3222.0
5,3222.8
1,3223.1
30,3223.6
9,3223.7
16,3223.7
15,3223.7
21,3223.8
13,3223.9
17,3223.9
19,3224.1
14,3224.9
31,3225.2
4,3225.8
20,3226.8
25,3228.1
6,3228.4
8,3230.2
1,3230.9
9,3235.7
30,3236.0
17,3237.9
16,3238.6
14,3240.1
30,3293.4
1,3293.5
9,3293.6
14,3293.6
8,3294.2
7,3294.3
25,3294.3
29,3294.6
15,3294.8
21,3294.9
31,3295.0
20,3295.4
5,3295.6
16,3295.7
17,3295.8
13,3296.2
18,3296.3
19,3296.4
4,3296.6
26,3296.7
3,3296.9
6,3297.3
28,3297.4
10,3297.5
30,3297.6
2,3298.1
9,3298.2
14,3298.3
22,3298.3
1,3298.4
25,3300.4
8,3301.0
7,3301.3
29,3301.8
5,3302.6
1,3303.1
30,3303.3
15,3303.5
21,3303.7
16,3303.7
9,3303.7
13,3303.8
17,3303.9
19,3304.1
14,3304.8
31,3305.0
4,3305.5
20,3306.5
25,3308.1
6,3308.6
8,3310.0
1,3310.9
30,3314.9
9,3315.2
17,3318.4
16,3318.8
14,3319.9
5,3358.4
1,3358.9
13,3359.1
4,3359.5
30,3360.1
1,3373.3
30,3373.4
9,3373.6
14,3373.6
8,3374.1
7,3374.3
25,3374.3
29,3374.6
5,3374.8
15,3374.8
21,3374.9
31,3375.0
20,3375.4
13,3375.6
16,3375.7
17,3375.8
18,3376.2
4,3376.2
19,3376.4
26,3376.7
3,3376.9
6,3377.3
10,3377.4
28,3377.4
30,3377.7
9,3378.0
2,3378.0
22,3378.3
1,3378.3
14,3378.4
25,3380.4
8,3380.8
7,3381.3
29,3381.9
5,3382.5
1,3382.6
30,3383.0
13,3383.4
15,3383.5
9,3383.6
16,3383.6
21,3383.7
17,3383.8
19,3384.1
4,3384.3
14,3384.8
31,3384.9
20,3386.2
6,3387.6
25,3388.2
1,3389.3
8,3390.1
30,3392.7
9,3395.0
5,3397.6
17,3398.3
16,3398.4
14,3399.5
1,3411.1
5,3435.9
1,3436.4
13,3436.6
4,3437.0
30,3437.5
9,3758.9
14,3758.9
17,3759.3
30,3759.3
8,3759.4
16,3759.6
25,3759.6
7,3759.6
29,3759.9
10,3760.0
1,3760.0
15,3760.1
21,3760.3
31,3760.4
20,3760.8
18,3761.5
19,3761.7
26,3762.1
3,3762.4
6,3762.7
5,3762.8
28,3762.9
9,3763.5
2,3763.5
14,3763.8
22,3763.9
30,3765.6
25,3766.0
17,3766.2
8,3766.7
7,3766.9
16,3767.3
29,3767.5
1,3768.3
10,3768.5
9,3769.1
15,3769.2
21,3769.4
19,3769.7
14,3770.7
31,3771.3
17,3772.7
20,3772.8
6,3774.2
25,3774.2
16,3775.0
8,3776.2
9,3780.6
1,3781.5
30,3785.8
14,3786.0
17,3791.5
14,3838.6
9,3838.7
17,3839.0
30,3839.1
8,3839.2
7,3839.3
16,3839.3
25,3839.4
1,3839.7
29,3839.7
10,3839.7
15,3839.9
21,3840.0
31,3840.1
20,3840.5
18,3841.3
19,3841.4
26,3841.8
3,3842.0
6,3842.3
5,3842.4
28,3842.6
9,3843.1
2,3843.1
22,3843.5
14,3843.5
30,3845.1
25,3845.4
17,3845.5
8,3846.0
16,3846.4
7,3846.5
29,3847.0
1,3847.4
10,3848.1
15,3848.7
9,3848.7
21,3848.8
19,3849.1
14,3849.9
31,3850.3
20,3851.7
17,3852.0
25,3853.2
6,3853.5
16,3854.1
8,3855.2
9,3859.9
1,3860.1
30,3860.6
14,3863.3
17,3869.4
14,3918.6
9,3918.7
17,3918.9
30,3919.0
8,3919.1
7,3919.2
16,3919.2
25,3919.4
29,3919.6
10,3919.6
1,3919.7
15,3919.8
21,3919.9
31,3920.0
20,3920.4
18,3921.3
19,3921.4
26,3921.7
3,3921.9
5,3922.3
6,3922.3
28,3922.5
2,3923.1
9,3923.2
14,3923.3
22,3923.4
30,3925.1
17,3925.4
25,3925.4
8,3926.0
7,3926.3
16,3926.4
29,3926.8
1,3927.4
10,3927.9
15,3928.5
21,3928.7
9,3928.7
19,3929.1
14,3929.8
31,3930.0
20,3931.4
17,3931.7
25,3933.5
6,3933.7
16,3934.1
8,3935.0
9,3939.6
1,3940.0
30,3941.2
14,3943.3
17,3948.3
9,3998.6
14,3998.6
17,3998.9
30,3999.0
8,3999.1
7,3999.2
16,3999.2
25,3999.4
10,3999.6
29,3999.6
1,3999.6
15,3999.8
21,3999.9
31,4000.0
20,4000.4
18,4001.2
19,4001.4
26,4001.7
3,4001.9
5,4002.3
6,4002.3
28,4002.5
2,4003.0
9,4003.0
22,4003.4
14,4003.4
30,4005.1
25,4005.4
17,4005.4
8,4005.8
16,4006.3
7,4006.3
29,4006.9
1,4007.4
10,4007.7
15,4008.5
9,4008.6
21,4008.7
19,4009.1
14,4009.8
31,4010.0
20,4011.2
17,4011.9
6,4013.0
25,4013.3
16,4014.1
8,4015.1
9,4019.5
1,4020.2
30,4021.3
14,4022.7
17,4030.3
14,4383.5
9,4383.9
10,4384.0
21,4384.1
30,4384.3
5,4384.5
6,4384.5
25,4384.6
7,4384.6
18,4384.8
29,4384.9
26,4384.9
15,4385.1
31,4385.4
20,4385.8
8,4386.2
19,4386.7
17,4387.1
3,4387.4
14,4387.6
28,4387.9
2,4388.5
9,4388.5
11,4388.7
22,4388.9
21,4389.0
10,4389.1
12,4389.5
1,4389.8
16,4390.1
6,4390.6
30,4390.7
5,4391.0
25,4391.0
27,4391.4
18,4391.6
26,4391.7
7,4391.9
14,4392.4
29,4392.5
9,4394.1
15,4394.2
19,4394.7
31,4396.3
21,4397.6
20,4397.8
10,4398.6
25,4399.2
6,4401.1
14,4401.2
9,4405.6
14,4463.3
9,4463.7
10,4463.8
21,4463.9
30,4464.1
6,4464.2
5,4464.2
7,4464.3
25,4464.4
18,4464.5
29,4464.7
26,4464.7
15,4464.9
31,4465.1
20,4465.6
8,4466.0
19,4466.4
17,4466.6
14,4467.1
3,4467.1
28,4467.6
9,4468.1
11,4468.2
2,4468.2
22,4468.5
21,4468.5
10,4468.6
12,4468.7
1,4469.3
16,4469.3
6,4470.1
30,4470.1
25,4470.4
5,4470.5
27,4470.8
26,4471.1
7,4471.2
18,4471.3
14,4471.7
29,4472.0
15,4473.7
9,4473.7
19,4474.1
31,4475.3
21,4476.4
20,4477.0
10,4477.3
25,4478.2
14,4479.5
6,4480.0
9,4484.9
30,4486.1
5,4492.6
14,4543.2
9,4543.6
10,4543.7
21,4543.8
30,4544.0
6,4544.1
5,4544.2
7,4544.2
18,4544.4
25,4544.4
26,4544.5
29,4544.6
15,4544.8
31,4545.0
20,4545.5
8,4546.0
19,4546.4
17,4546.6
3,4546.9
14,4547.1
28,4547.5
11,4548.0
2,4548.1
9,4548.2
22,4548.4
21,4548.4
12,4548.6
10,4548.6
16,4549.3
1,4549.4
30,4550.1
6,4550.1
5,4550.3
25,4550.4
27,4550.6
26,4551.0
18,4551.1
7,4551.3
29,4551.8
14,4551.9
15,4553.5
9,4553.7
19,4554.1
31,4555.0
21,4556.3
20,4556.7
10,4557.6
25,4558.5
14,4559.9
6,4560.1
9,4564.6
30,4566.8
5,4570.8
14,4623.2
9,4623.6
10,4623.7
21,4623.8
30,4624.0
5,4624.1
6,4624.1
7,4624.2
18,4624.4
25,4624.4
26,4624.5
29,4624.6
15,4624.8
31,4625.0
20,4625.4
8,4625.9
19,4626.4
17,4626.6
3,4626.9
14,4627.1
28,4627.5
2,4628.0
11,4628.0
9,4628.0
21,4628.4
22,4628.4
10,4628.5
12,4628.7
1,4629.3
16,4629.4
30,4630.1
6,4630.3
5,4630.3
25,4630.4
27,4630.6
18,4630.9
26,4631.0
7,4631.3
14,4631.8
29,4631.9
15,4633.5
9,4633.6
19,4634.1
31,4635.0
21,4636.3
20,4636.8
10,4637.2
25,4638.3
14,4639.8
6,4640.3
9,4644.5
30,4647.2
5,4650.5
14,5008.5
9,5008.6
10,5008.7
21,5009.1
30,5009.3
26,5009.3
6,5009.4
5,5009.5
25,5009.6
7,5009.6
18,5009.7
31,5010.4
20,5010.8
8,5011.3
19,5011.7
29,5011.9
9,5011.9
17,5012.2
3,5012.4
10,5012.5
15,5012.5
14,5012.6
0,5012.8
2,5013.5
11,5013.6
21,5013.8
22,5013.9
26,5013.9
12,5014.4
1,5014.9
16,5015.2
6,5015.6
30,5015.7
5,5015.8
25,5016.0
9,5016.2
27,5016.2
18,5016.4
7,5016.9
14,5017.4
10,5018.0
19,5019.7
31,5021.3
26,5021.5
9,5022.2
21,5022.2
20,5022.8
25,5024.2
6,5026.0
14,5026.2
10,5029.7
9,5036.1
9,5088.3
14,5088.3
10,5088.4
21,5088.8
6,5089.1
26,5089.1
30,5089.1
5,5089.2
7,5089.3
25,5089.4
18,5089.5
31,5090.1
20,5090.6
8,5091.0
19,5091.4
17,5091.7
9,5091.7
29,5091.7
3,5092.0
10,5092.1
14,5092.1
15,5092.3
0,5092.3
11,5093.0
2,5093.2
26,5093.4
21,5093.5
22,5093.6
12,5093.7
16,5094.3
1,5094.4
6,5095.1
30,5095.1
5,5095.3
25,5095.5
27,5095.7
9,5095.7
18,5096.1
7,5096.3
14,5096.9
10,5097.4
19,5099.1
31,5100.2
26,5100.8
21,5101.4
9,5101.4
20,5101.9
25,5103.7
14,5104.9
6,5105.3
10,5107.7
30,5111.1
9,5113.0
5,5114.0
14,5168.2
9,5168.3
10,5168.4
21,5168.7
30,5169.0
26,5169.0
5,5169.1
6,5169.1
7,5169.2
25,5169.4
18,5169.4
31,5170.0
20,5170.5
8,5171.0
19,5171.4
9,5171.5
29,5171.6
17,5171.7
3,5171.9
14,5172.1
10,5172.1
15,5172.2
0,5172.3
11,5173.0
2,5173.1
21,5173.4
22,5173.5
26,5173.5
12,5173.7
16,5174.2
1,5174.3
30,5175.1
6,5175.1
5,5175.3
25,5175.4
27,5175.6
9,5175.6
18,5176.1
7,5176.3
14,5176.9
10,5177.4
19,5179.1
31,5179.9
26,5180.7
9,5181.3
21,5181.3
20,5181.6
25,5183.5
14,5184.9
6,5185.0
10,5187.6
30,5191.9
9,5192.4
5,5192.7
9,5248.2
14,5248.2
10,5248.4
21,5248.7
26,5249.0
30,5249.0
5,5249.1
6,5249.1
7,5249.2
25,5249.4
18,5249.4
31,5250.0
20,5250.4
8,5250.9
19,5251.4
29,5251.5
9,5251.5
17,5251.7
3,5251.9
10,5251.9
15,5252.1
14,5252.1
0,5252.3
2,5253.0
11,5253.0
21,5253.4
26,5253.5
22,5253.5
12,5253.8
1,5254.2
16,5254.3
30,5255.1
5,5255.3
6,5255.3
25,5255.4
9,5255.6
27,5255.6
18,5255.9
7,5256.3
14,5256.8
10,5257.2
19,5259.1
31,5260.0
26,5260.7
9,5261.3
21,5261.3
20,5261.7
25,5263.4
14,5264.8
6,5265.2
10,5267.4
30,5272.2
9,5272.4
5,5272.7
14,5633.5
9,5633.5
10,5633.7
26,5633.8
21,5634.1
6,5634.4
5,5634.5
25,5634.7
18,5634.7
17,5634.8
31,5635.4
20,5635.8
8,5636.3
30,5636.5
19,5636.7
9,5636.9
29,5636.9
10,5637.3
3,5637.4
26,5637.4
0,5637.6
14,5637.6
7,5637.8
2,5638.5
11,5638.6
13,5638.7
21,5638.8
12,5639.5
1,5639.8
16,5640.2
6,5640.6
5,5640.8
25,5641.0
9,5641.2
27,5641.2
18,5641.4
14,5642.4
26,5642.4
10,5642.9
17,5643.9
19,5644.7
31,5646.3
21,5647.2
9,5647.3
20,5647.8
25,5649.2
6,5651.0
14,5651.2
26,5651.7
10,5654.4
9,5661.1
9,5713.3
14,5713.3
10,5713.4
26,5713.6
21,5713.8
6,5714.1
5,5714.2
25,5714.4
17,5714.5
18,5714.5
31,5715.1
20,5715.6
8,5716.0
30,5716.1
19,5716.4
29,5716.7
9,5716.7
26,5716.9
3,5717.0
14,5717.1
10,5717.1
0,5717.3
7,5717.4
11,5718.0
13,5718.2
2,5718.2
21,5718.5
12,5718.7
16,5719.3
1,5719.4
6,5720.1
5,5720.3
25,5720.5
27,5720.5
9,5720.7
18,5721.1
26,5721.8
14,5721.9
10,5722.4
17,5722.9
19,5724.1
31,5725.2
9,5726.4
21,5726.4
20,5726.9
25,5728.8
14,5729.9
26,5730.2
6,5730.3
10,5732.7
9,5738.0
5,5739.2
14,5793.2
9,5793.3
10,5793.4
26,5793.5
21,5793.8
6,5794.1
5,5794.1
18,5794.4
25,5794.4
17,5794.4
31,5795.0
20,5795.5
8,5796.0
30,5796.1
19,5796.4
9,5796.5
29,5796.6
26,5796.8
3,5796.9
10,5797.1
14,5797.1
0,5797.3
7,5797.4
11,5798.0
13,5798.0
2,5798.1
21,5798.4
12,5798.8
16,5799.2
1,5799.3
6,5800.1
5,5800.3
25,5800.4
27,5800.5
9,5800.6
18,5801.1
26,5801.7
14,5801.9
10,5802.4
17,5803.0
19,5804.1
31,5805.0
9,5806.3
21,5806.3
20,5806.6
25,5808.5
14,5809.9
26,5810.0
6,5810.0
10,5812.6
9,5817.4
5,5817.8
14,5873.2
9,5873.2
10,5873.4
26,5873.5
21,5873.8
6,5874.1
5,5874.1
18,5874.4
17,5874.4
25,5874.4
31,5875.0
20,5875.4
8,5875.9
30,5876.1
19,5876.4
29,5876.5
9,5876.6
26,5876.8
3,5876.9
10,5877.0
14,5877.1
0,5877.2
7,5877.4
13,5878.0
11,5878.0
2,5878.0
21,5878.4
12,5878.8
1,5879.2
16,5879.3
5,5880.3
6,5880.3
25,5880.4
9,5880.6
27,5880.6
18,5880.9
26,5881.7
14,5881.8
10,5882.2
17,5883.0
19,5884.1
31,5885.0
9,5886.3
21,5886.3
20,5886.7
25,5888.4
14,5889.8
26,5890.0
6,5890.3
10,5892.5
5,5897.7
9,5897.8
9,6258.5
10,6258.7
26,6258.8
21,6258.9
14,6259.0
5,6259.1
18,6259.7
25,6259.7
20,6259.8
17,6259.8
6,6259.8
7,6260.3
31,6260.4
8,6261.3
30,6261.5
19,6261.7
9,6261.9
29,6261.9
26,6262.2
10,6262.3
15,6262.3
3,6262.4
0,6262.6
21,6262.9
2,6263.5
11,6263.6
13,6263.6
5,6263.7
14,6264.2
23,6264.3
12,6264.5
1,6264.8
20,6264.9
16,6265.2
25,6266.0
27,6266.2
9,6266.2
18,6266.4
6,6266.6
26,6267.1
10,6267.9
7,6268.3
17,6268.7
21,6268.9
19,6269.7
5,6271.3
31,6271.3
9,6272.3
14,6274.0
25,6274.2
20,6275.3
26,6276.0
10,6279.4
21,6280.8
9,6286.1
9,6338.3
10,6338.4
26,6338.6
21,6338.7
5,6338.8
14,6338.8
25,6339.4
17,6339.4
20,6339.5
6,6339.5
18,6339.5
7,6340.0
31,6340.1
8,6341.0
30,6341.2
19,6341.3
29,6341.7
9,6341.7
26,6341.9
15,6341.9
3,6342.0
10,6342.1
0,6342.3
21,6342.4
11,6343.0
2,6343.2
5,6343.2
13,6343.2
12,6343.7
14,6343.7
23,6343.8
1,6344.4
16,6344.4
20,6344.6
25,6345.5
27,6345.5
9,6345.7
18,6346.1
6,6346.1
26,6346.8
10,6347.4
7,6347.7
17,6347.8
21,6348.2
19,6349.0
31,6350.2
5,6350.5
9,6351.4
14,6352.5
25,6353.8
20,6354.4
26,6355.2
10,6357.7
21,6358.9
9,6363.0
9,6418.3
10,6418.4
26,6418.5
21,6418.6
14,6418.7
5,6418.8
20,6419.4
25,6419.4
18,6419.4
17,6419.4
6,6419.5
31,6420.0
7,6420.0
8,6421.0
30,6421.1
19,6421.3
9,6421.5
29,6421.6
15,6421.8
26,6421.8
3,6421.9
10,6422.1
21,6422.3
0,6422.3
13,6423.0
11,6423.0
5,6423.1
2,6423.1
14,6423.7
23,6423.7
12,6423.8
1,6424.3
16,6424.3
20,6424.5
25,6425.4
27,6425.5
9,6425.6
6,6425.9
18,6426.1
26,6426.7
10,6427.4
7,6427.5
17,6427.6
21,6428.1
19,6429.0
31,6430.0
5,6430.1
9,6431.3
14,6432.5
25,6433.5
20,6433.9
26,6435.0
10,6437.6
21,6438.8
9,6442.4
6,6449.6
9,6498.2
10,6498.4
26,6498.5
21,6498.6
14,6498.7
5,6498.8
17,6499.4
20,6499.4
25,6499.4
18,6499.4
6,6499.5
31,6500.0
7,6500.0
8,6500.9
30,6501.1
19,6501.3
29,6501.5
9,6501.6
26,6501.8
15,6501.8
3,6501.9
10,6502.0
0,6502.2
21,6502.3
11,6503.0
2,6503.0
13,6503.0
5,6503.1
14,6503.7
23,6503.7
12,6503.8
1,6504.2
20,6504.3
16,6504.4
25,6505.4
27,6505.6
9,6505.6
18,6505.9
6,6505.9
26,6506.7
10,6507.2
7,6507.5
17,6507.6
21,6508.1
19,6509.1
31,6510.0
5,6510.1
9,6511.3
14,6512.6
25,6513.4
20,6513.7
26,6515.0
10,6517.5
21,6518.9
9,6522.8
6,6529.9
5,6883.6
10,6883.7
26,6883.8
18,6883.8
9,6883.9
21,6883.9
14,6884.0
20,6884.7
17,6884.8
6,6884.8
7,6885.3
13,6885.4
31,6885.4
27,6885.5
8,6886.3
30,6886.5
29,6886.9
15,6887.1
26,6887.2
10,6887.3
5,6887.3
3,6887.4
0,6887.6
21,6887.9
9,6888.0
18,6888.2
2,6888.5
11,6888.6
23,6889.2
14,6889.2
25,6889.5
12,6889.5
20,6889.8
1,6889.8
16,6890.2
6,6891.4
5,6891.8
26,6892.1
10,6892.9
7,6893.1
18,6893.1
27,6893.5
13,6893.5
17,6893.7
21,6894.1
9,6894.2
31,6896.3
5,6898.7
14,6899.1
20,6899.8
26,6901.0
18,6901.6
10,6904.4
21,6908.7
9,6914.0
5,6916.3
5,6963.3
10,6963.4
18,6963.5
26,6963.6
21,6963.7
9,6963.7
14,6963.8
17,6964.4
20,6964.5
6,6964.5
7,6965.0
13,6965.1
31,6965.1
27,6965.2
8,6966.0
30,6966.2
29,6966.7
15,6966.8
26,6966.9
5,6966.9
3,6967.0
10,6967.1
0,6967.3
21,6967.5
9,6967.7
18,6967.9
2,6968.2
11,6968.2
14,6968.7
23,6968.8
12,6969.0
25,6969.1
1,6969.4
20,6969.5
16,6969.8
6,6970.9
5,6971.1
26,6971.8
10,6972.4
7,6972.6
27,6972.6
13,6972.7
18,6972.7
17,6972.8
21,6973.2
9,6973.7
31,6975.8
14,6977.7
5,6977.7
20,6979.0
26,6980.2
18,6981.3
10,6982.8
21,6985.2
9,6988.4
5,6992.0
5,7043.3
10,7043.4
26,7043.5
18,7043.5
21,7043.6
14,7043.7
9,7043.7
20,7044.4
17,7044.4
6,7044.5
13,7045.0
7,7045.0
31,7045.1
27,7045.1
8,7046.0
30,7046.2
29,7046.6
15,7046.8
26,7046.8
3,7046.9
5,7046.9
10,7047.1
0,7047.3
21,7047.5
9,7047.5
18,7047.7
2,7048.1
11,7048.2
14,7048.7
23,7048.8
12,7049.0
25,7049.0
1,7049.4
20,7049.5
16,7049.7
6,7050.9
5,7051.3
26,7051.7
18,7052.4
10,7052.4
7,7052.5
17,7052.6
27,7052.8
13,7053.0
21,7053.2
9,7053.6
31,7055.5
5,7057.7
14,7058.0
20,7059.2
26,7060.0
18,7060.3
10,7062.7
21,7065.3
9,7067.8
5,7071.9
18,7105.7
5,7106.8
27,7107.8
13,7109.3
18,7123.3
5,7123.3
10,7123.4
26,7123.5
9,7123.6
21,7123.6
14,7123.7
20,7124.4
17,7124.4
6,7124.5
7,7125.0
31,7125.0
13,7125.0
27,7125.1
8,7125.9
30,7126.2
29,7126.5
5,7126.7
15,7126.8
26,7126.8
3,7126.9
10,7127.0
0,7127.2
18,7127.3
21,7127.5
9,7127.6
2,7128.0
11,7128.2
14,7128.7
23,7128.8
12,7129.0
25,7129.1
20,7129.3
1,7129.3
16,7129.7
6,7130.9
5,7131.4
26,7131.7
10,7132.2
7,7132.5
18,7132.7
17,7132.7
21,7133.2
27,7133.6
9,7133.6
13,7133.7
31,7135.5
5,7137.5
14,7138.0
20,7138.7
18,7139.9
26,7140.0
10,7142.5
21,7145.4
9,7148.0
5,7150.0
18,7184.8
5,7185.9
27,7186.9
13,7188.4
5,7508.6
10,7508.7
18,7508.7
21,7508.8
14,7509.0
26,7509.2
9,7509.6
15,7509.7
17,7509.8
6,7509.8
13,7510.3
7,7510.3
31,7510.4
20,7510.4
12,7510.5
27,7510.5
23,7510.6
8,7511.3
30,7511.5
29,7511.9
19,7512.1
5,7512.3
10,7512.3
21,7512.6
0,7512.6
18,7513.2
2,7513.5
11,7513.6
26,7514.0
14,7514.2
22,7514.5
1,7514.9
16,7515.3
15,7515.4
9,7515.7
6,7516.4
5,7516.9
10,7517.9
27,7518.1
7,7518.1
18,7518.1
20,7518.1
21,7518.3
13,7518.3
17,7518.7
23,7520.7
31,7521.4
26,7522.7
12,7523.5
5,7523.9
14,7524.1
18,7527.0
15,7529.2
10,7529.4
21,7530.6
9,7532.9
5,7544.6
5,7588.3
10,7588.4
21,7588.5
18,7588.5
14,7588.8
26,7589.0
15,7589.4
9,7589.4
6,7589.5
17,7589.5
7,7590.0
13,7590.1
31,7590.1
20,7590.1
12,7590.2
27,7590.2
23,7590.3
8,7591.0
30,7591.2
19,7591.6
29,7591.7
5,7591.9
10,7592.1
21,7592.3
0,7592.3
18,7592.9
11,7593.2
2,7593.2
26,7593.6
14,7593.7
22,7594.1
1,7594.5
16,7594.8
15,7594.9
9,7595.1
6,7595.9
5,7596.1
10,7597.4
27,7597.6
7,7597.6
13,7597.7
18,7597.7
20,7597.8
17,7597.9
21,7598.0
23,7600.0
31,7600.8
26,7601.6
12,7602.4
5,7602.7
14,7602.8
18,7606.3
15,7607.5
10,7607.8
9,7609.4
21,7609.4
5,7617.2
18,7657.0
5,7658.2
27,7659.0
13,7660.6
10,7668.4
5,7668.4
18,7668.5
21,7668.5
14,7668.8
26,7668.9
15,7669.3
17,7669.4
9,7669.4
6,7669.5
7,7670.0
20,7670.1
31,7670.1
12,7670.1
23,7670.2
27,7670.4
13,7670.5
8,7671.0
30,7671.2
19,7671.5
29,7671.6
5,7671.9
10,7672.1
21,7672.2
0,7672.3
18,7672.7
2,7673.1
11,7673.2
26,7673.6
14,7673.7
22,7673.9
1,7674.5
16,7674.7
15,7675.0
9,7675.1
6,7675.9
5,7677.0
10,7677.4
7,7677.5
20,7677.5
21,7677.7
17,7677.7
18,7679.1
23,7680.1
31,7680.5
26,7681.5
27,7681.8
13,7681.8
12,7682.6
14,7683.1
5,7685.9
15,7687.4
10,7687.7
21,7688.3
9,7689.3
18,7700.6
5,7748.3
18,7748.4
10,7748.4
21,7748.5
14,7748.7
26,7748.9
9,7749.3
15,7749.3
17,7749.4
6,7749.5
13,7750.0
7,7750.0
31,7750.0
12,7750.1
20,7750.1
27,7750.1
23,7750.2
8,7750.9
30,7751.2
19,7751.5
29,7751.5
5,7751.7
10,7752.0
0,7752.2
21,7752.2
18,7752.8
2,7753.0
11,7753.2
26,7753.4
14,7753.7
22,7753.9
1,7754.4
16,7754.7
15,7754.7
9,7755.0
6,7755.9
5,7756.1
10,7757.2
7,7757.5
18,7757.5
20,7757.6
27,7757.6
21,7757.7
13,7757.7
17,7757.7
23,7760.1
31,7760.5
26,7761.4
5,7762.4
12,7762.5
14,7763.1
18,7766.0
15,7766.7
10,7767.5
21,7768.3
9,7769.1
5,7777.2
18,7808.0
5,7809.1
27,7810.1
13,7811.6
18,7873.1
5,7874.5
27,7875.1
13,7876.8
5,8133.6
10,8133.7
18,8133.7
21,8133.8
26,8134.2
7,8134.5
9,8134.6
15,8134.6
17,8134.8
6,8134.8
14,8135.0
13,8135.3
31,8135.3
20,8135.4
27,8135.4
12,8135.4
23,8135.5
8,8136.3
19,8136.9
29,8136.9
5,8137.3
10,8137.3
21,8137.6
0,8137.6
18,8138.2
2,8138.5
11,8138.6
26,8139.0
22,8139.4
1,8139.9
16,8140.3
15,8140.4
30,8140.7
9,8140.7
7,8140.9
6,8141.4
5,8141.9
10,8142.9
18,8143.0
20,8143.1
27,8143.1
13,8143.3
21,8143.3
17,8143.7
14,8144.1
31,8145.8
23,8145.8
7,8147.1
26,8147.7
12,8148.7
5,8148.9
18,8152.0
10,8154.4
30,8154.4
15,8154.8
21,8155.4
9,8158.3
7,8159.0
5,8213.4
10,8213.4
18,8213.5
21,8213.5
26,8214.0
7,8214.2
9,8214.4
15,8214.4
6,8214.5
17,8214.5
14,8214.8
31,8215.0
20,8215.1
13,8215.1
27,8215.1
12,8215.2
23,8215.3
8,8216.0
29,8216.7
19,8216.7
5,8216.9
10,8217.1
0,8217.3
21,8217.3
18,8217.9
2,8218.0
11,8218.2
26,8218.6
22,8219.0
1,8219.5
16,8219.8
15,8219.9
30,8220.0
9,8220.2
7,8220.4
6,8220.9
5,8221.2
10,8222.4
27,8222.6
13,8222.7
18,8222.7
20,8222.8
17,8222.9
21,8223.0
31,8223.6
14,8223.7
23,8225.0
7,8226.5
26,8226.5
12,8227.4
5,8227.7
18,8231.3
15,8232.0
10,8232.8
21,8234.3
9,8234.5
7,8244.6
5,8245.1
18,8282.0
5,8283.3
27,8284.0
13,8285.6
10,8293.4
5,8293.4
21,8293.5
18,8293.5
26,8293.9
7,8294.2
15,8294.3
9,8294.4
17,8294.4
6,8294.5
14,8294.7
31,8294.9
20,8295.1
12,8295.1
23,8295.2
13,8295.4
27,8295.4
8,8296.0
19,8296.6
29,8296.6
5,8296.9
10,8297.1
0,8297.2
21,8297.2
18,8297.5
2,8298.0
11,8298.2
26,8298.6
22,8298.9
1,8299.5
16,8299.7
30,8300.0
15,8300.0
9,8300.1
7,8300.3
6,8300.9
5,8302.0
10,8302.4
20,8302.5
21,8302.7
17,8303.0
14,8303.4
31,8303.6
18,8303.8
23,8305.1
26,8306.5
27,8306.5
7,8306.6
13,8307.0
12,8307.6
5,8311.0
15,8312.4
10,8312.7
21,8313.3
9,8314.3
18,8320.2
7,8326.2
5,8373.3
10,8373.4
18,8373.4
21,8373.5
26,8373.9
7,8374.2
15,8374.3
9,8374.3
17,8374.4
6,8374.5
14,8374.7
13,8375.0
31,8375.0
27,8375.1
12,8375.1
20,8375.1
23,8375.2
8,8375.9
29,8376.5
19,8376.6
5,8376.9
10,8377.0
0,8377.1
21,8377.2
18,8377.8
2,8377.9
11,8378.2
26,8378.4
22,8378.9
1,8379.4
16,8379.7
15,8379.7
9,8380.0
30,8380.1
7,8380.6
6,8380.9
5,8381.3
10,8382.2
18,8382.5
20,8382.5
27,8382.6
21,8382.7
13,8382.7
17,8382.7
14,8383.4
31,8384.1
23,8385.1
26,8386.4
7,8386.4
12,8387.5
5,8388.0
18,8390.9
15,8391.7
10,8392.5
21,8393.3
9,8394.2
30,8397.6
7,8401.3
5,8406.1
18,8433.0
5,8434.2
27,8435.1
13,8436.6
7,8444.9
31,8448.2
30,8449.8
7,8462.4
18,8496.3
5,8497.9
27,8498.4
13,8500.0
10,8758.4
5,8758.6
18,8758.7
17,8758.9
26,8759.2
7,8759.4
21,8759.4
20,8759.4
9,8759.6
15,8759.6
0,8759.6
6,8759.8
13,8760.3
27,8760.4
12,8760.4
23,8760.5
8,8761.3
10,8761.4
29,8761.9
19,8761.9
5,8762.3
18,8763.2
2,8763.5
11,8763.6
14,8763.8
17,8763.8
26,8764.0
31,8764.3
28,8764.4
20,8764.4
22,8764.4
21,8764.5
1,8764.9
16,8765.3
15,8765.4
10,8765.5
30,8765.6
9,8765.7
0,8765.8
7,8766.0
6,8766.4
5,8766.9
18,8768.0
27,8768.1
13,8768.3
23,8770.8
7,8771.9
10,8771.9
26,8772.7
17,8773.3
12,8773.7
5,8773.9
20,8774.4
21,8774.5
31,8776.2
18,8777.0
15,8779.8
9,8783.3
30,8784.3
0,8786.4
7,8787.5
10,8790.2
5,8803.1
10,8838.1
5,8838.4
18,8838.5
17,8838.6
26,8839.0
20,8839.1
21,8839.1
7,8839.2
15,8839.4
9,8839.4
0,8839.4
6,8839.5
13,8840.1
27,8840.1
12,8840.2
23,8840.3
8,8841.0
10,8841.2
19,8841.7
29,8841.7
5,8841.9
18,8842.9
2,8843.0
11,8843.2
17,8843.3
14,8843.5
26,8843.6
31,8843.8
28,8843.9
22,8844.0
20,8844.1
21,8844.2
1,8844.5
16,8844.6
15,8844.9
30,8845.1
10,8845.2
9,8845.2
0,8845.3
7,8845.4
6,8845.9
5,8846.2
27,8847.6
18,8847.7
13,8847.7
23,8850.0
7,8851.5
10,8851.6
26,8851.6
17,8851.9
12,8852.3
5,8852.7
20,8853.5
21,8853.9
31,8855.9
18,8856.3
15,8857.0
9,8859.5
0,8860.7
10,8866.7
7,8869.4
5,8870.3
18,8907.0
5,8908.2
27,8909.0
13,8910.6
10,8918.1
5,8918.4
17,8918.5
18,8918.5
26,8918.9
21,8919.1
20,8919.1
7,8919.2
0,8919.3
15,8919.3
9,8919.4
6,8919.5
12,8920.1
23,8920.2
27,8920.4
13,8920.4
8,8921.0
10,8921.2
29,8921.6
19,8921.6
5,8921.9
18,8922.5
2,8922.9
11,8923.2
14,8923.4
17,8923.4
26,8923.6
31,8923.8
20,8923.9
22,8923.9
28,8923.9
21,8924.0
16,8924.5
1,8924.5
15,8925.0
9,8925.1
30,8925.1
10,8925.2
0,8925.3
7,8925.4
6,8925.9
5,8927.0
18,8928.8
23,8930.1
7,8931.2
10,8931.3
27,8931.5
26,8931.6
12,8931.9
17,8931.9
13,8932.0
20,8933.0
21,8933.4
31,8935.2
5,8936.0
15,8937.4
9,8939.3
30,8939.5
0,8940.3
7,8943.1
10,8945.6
18,8946.8
10,8998.1
5,8998.3
18,8998.4
17,8998.5
26,8998.9
20,8999.0
7,8999.1
21,8999.1
0,8999.2
9,8999.3
15,8999.3
6,8999.5
13,9000.0
27,9000.1
12,9000.1
23,9000.2
8,9000.9
10,9001.0
29,9001.5
19,9001.6
5,9001.9
18,9002.8
2,9002.8
11,9003.2
17,9003.2
26,9003.4
14,9003.4
28,9003.7
31,9003.7
22,9003.9
20,9004.0
21,9004.1
1,9004.4
16,9004.5
15,9004.7
30,9004.9
9,9005.0
10,9005.1
0,9005.2
7,9005.5
6,9005.9
5,9006.3
18,9007.5
27,9007.6
13,9007.7
23,9010.1
10,9011.2
26,9011.4
17,9011.5
12,9011.9
20,9013.0
5,9013.0
21,9013.4
18,9016.0
15,9016.7
9,9019.2
0,9020.2
10,9024.9
5,9031.0
7,9031.0
18,9058.0
5,9059.2
27,9060.1
13,9061.6
18,9121.3
5,9122.8
27,9123.4
13,9125.0
17,9383.6
5,9383.6
10,9383.7
26,9384.2
18,9384.2
21,9384.4
7,9384.5
15,9384.6
0,9384.6
6,9384.8
9,9385.0
11,9385.1
20,9385.3
13,9385.3
27,9385.4
12,9385.4
23,9385.5
19,9386.9
5,9387.3
10,9387.4
17,9387.5
14,9388.9
26,9389.0
18,9389.1
28,9389.2
22,9389.4
31,9389.4
21,9389.5
16,9390.3
15,9390.4
25,9390.4
0,9390.6
30,9390.7
7,9391.0
6,9391.4
5,9391.9
9,9392.0
20,9392.7
10,9392.9
11,9392.9
27,9393.1
13,9393.3
17,9393.5
18,9394.7
23,9395.8
7,9396.9
26,9397.7
12,9398.7
5,9398.9
21,9399.5
31,9401.4
10,9404.5
15,9404.8
18,9407.3
30,9409.2
17,9409.8
0,9410.5
7,9412.5
5,9463.4
10,9463.4
17,9463.4
18,9463.9
26,9464.0
21,9464.1
7,9464.2
15,9464.4
0,9464.4
6,9464.5
9,9464.7
11,9464.8
20,9465.0
13,9465.1
12,9465.2
27,9465.2
23,9465.3
19,9466.6
5,9466.9
10,9467.1
17,9467.2
14,9468.4
26,9468.6
31,9468.7
28,9468.8
18,9468.8
22,9469.0
21,9469.2
16,9469.6
15,9469.9
25,9469.9
30,9470.1
0,9470.3
7,9470.4
6,9470.9
5,9471.2
9,9471.5
20,9472.1
11,9472.4
27,9472.6
13,9472.6
10,9472.6
17,9473.2
18,9474.4
23,9475.0
7,9476.5
26,9476.6
12,9477.3
5,9477.7
21,9479.0
31,9480.6
15,9482.0
10,9483.3
0,9485.6
18,9486.7
17,9486.7
7,9494.4
5,9498.1
18,9532.1
5,9533.4
27,9534.0
13,9535.4
17,9543.3
10,9543.4
5,9543.4
18,9543.9
26,9543.9
21,9544.1
7,9544.2
15,9544.3
0,9544.3
6,9544.5
9,9544.7
11,9544.8
20,9544.9
12,9545.1
23,9545.2
27,9545.4
13,9545.4
19,9546.5
5,9546.9
10,9547.0
17,9547.1
14,9548.4
18,9548.4
26,9548.6
31,9548.7
28,9548.7
22,9548.9
21,9549.1
16,9549.5
25,9549.8
15,9550.0
30,9550.1
0,9550.1
7,9550.4
6,9550.9
9,9551.5
5,9552.0
11,9552.1
20,9552.1
10,9552.3
17,9552.8
23,9555.1
18,9556.1
7,9556.2
13,9556.5
27,9556.5
26,9556.6
12,9557.0
21,9558.4
31,9560.1
5,9561.1
15,9562.4
10,9562.5
30,9564.5
0,9565.1
17,9565.6
7,9568.1
10,9623.3
5,9623.3
17,9623.3
18,9623.8
26,9623.9
7,9624.1
21,9624.1
0,9624.2
15,9624.3
6,9624.5
9,9624.6
11,9624.7
20,9624.9
13,9625.0
12,9625.1
27,9625.1
23,9625.2
19,9626.5
5,9626.9
10,9627.0
17,9627.1
14,9628.4
26,9628.4
31,9628.6
18,9628.7
28,9628.7
22,9628.9
21,9629.1
16,9629.5
15,9629.7
25,9629.7
30,9629.9
0,9630.2
7,9630.5
6,9630.9
5,9631.3
9,9631.4
20,9632.1
11,9632.2
10,9632.3
27,9632.5
13,9632.7
17,9632.9
18,9634.2
23,9635.1
26,9636.4
12,9636.9
5,9638.0
21,9638.5
15,9641.7
10,9642.6
0,9645.2
17,9645.7
18,9645.8
7,9656.1
5,9659.1
18,9683.1
5,9684.3
27,9685.0
13,9686.5
18,9746.4
5,9747.9
27,9748.3
13,9750.0
