23,83.5
16,83.5
7,83.6
3,83.7
4,83.7
22,83.7
10,83.7
26,83.9
12,84.1
15,84.5
23,93.3
16,93.9
23,163.3
16,163.3
7,163.4
10,163.5
3,163.5
4,163.5
22,163.5
26,163.7
12,163.9
15,164.3
23,172.1
16,175.1
7,180.9
23,243.3
16,243.3
10,243.4
4,243.4
7,243.4
3,243.5
22,243.5
26,243.6
12,243.8
15,244.3
23,251.9
16,254.6
7,264.4
23,628.4
16,628.4
4,628.5
7,628.5
10,628.6
3,628.6
22,628.6
26,628.8
12,628.9
15,629.4
23,637.0
16,637.3
7,642.2
23,708.3
16,708.3
7,708.4
4,708.4
10,708.4
22,708.5
3,708.5
26,708.7
12,708.8
15,709.3
23,716.3
16,716.5
7,719.6
4,721.7
23,788.3
16,788.3
3,788.4
4,788.4
7,788.4
22,788.4
10,788.4
26,788.6
12,788.8
15,789.2
23,795.8
16,796.1
7,799.0
4,800.5
16,868.4
22,868.4
10,868.4
7,868.4
4,868.4
23,868.4
3,868.4
26,868.6
12,868.7
15,869.2
23,876.5
16,876.9
7,878.3
4,879.6
10,886.6
23,935.7
16,1253.3
23,1253.3
7,1253.4
4,1253.5
22,1253.5
3,1253.5
10,1253.5
26,1253.7
12,1253.9
15,1254.3
23,1260.5
16,1261.9
7,1262.7
4,1267.4
10,1274.1
23,1333.2
16,1333.2
7,1333.3
10,1333.4
22,1333.4
3,1333.4
4,1333.4
26,1333.6
12,1333.8
15,1334.2
23,1340.0
16,1341.2
7,1341.8
4,1344.6
10,1347.4
22,1348.4
3,1350.7
23,1413.2
16,1413.3
7,1413.3
4,1413.4
3,1413.4
22,1413.4
10,1413.4
26,1413.5
12,1413.7
15,1414.1
23,1419.7
16,1420.9
7,1421.5
4,1424.2
10,1425.4
22,1426.9
7,1493.3
23,1493.3
16,1493.3
4,1493.4
10,1493.4
3,1493.4
22,1493.4
26,1493.5
12,1493.7
15,1494.1
23,1500.1
16,1500.4
7,1501.2
4,1503.6
10,1504.6
22,1505.7
3,1509.2
23,1565.2
23,1878.3
16,1878.3
4,1878.4
7,1878.4
3,1878.5
22,1878.5
10,1878.5
26,1878.7
12,1878.8
15,1879.3
23,1885.2
16,1885.4
7,1887.2
4,1887.7
10,1891.9
22,1893.8
3,1895.0
16,1958.2
23,1958.2
7,1958.3
4,1958.3
3,1958.4
22,1958.4
10,1958.4
26,1958.6
12,1958.7
15,1959.1
23,1964.8
16,1964.9
7,1966.4
4,1966.8
10,1969.4
22,1970.1
3,1970.5
23,2038.2
16,2038.2
10,2038.3
7,2038.3
4,2038.3
22,2038.4
3,2038.4
26,2038.5
12,2038.7
15,2039.1
23,2044.6
16,2044.7
7,2046.3
4,2046.6
10,2049.2
22,2049.8
3,2050.0
16,2118.2
23,2118.2
10,2118.3
4,2118.3
7,2118.3
3,2118.4
22,2118.4
26,2118.5
12,2118.6
15,2119.0
16,2124.4
23,2125.0
7,2126.0
4,2126.4
10,2128.7
22,2129.2
3,2129.5
23,2503.2
7,2503.3
16,2503.3
10,2503.4
4,2503.4
22,2503.4
3,2503.4
26,2503.6
12,2503.8
15,2504.2
23,2509.6
16,2510.6
7,2511.1
4,2513.2
10,2513.8
22,2514.4
23,2583.1
16,2583.2
7,2583.2
22,2583.3
10,2583.3
4,2583.3
3,2583.4
26,2583.5
12,2583.7
15,2584.1
23,2589.2
16,2590.1
7,2590.5
4,2592.1
10,2592.5
22,2596.1
3,2596.6
23,2663.1
16,2663.2
7,2663.2
22,2663.3
10,2663.3
3,2663.3
4,2663.3
26,2663.5
12,2663.6
15,2664.0
23,2669.0
16,2669.9
7,2670.4
4,2672.0
10,2672.4
22,2672.6
3,2676.0
16,2743.2
23,2743.2
7,2743.2
3,2743.3
4,2743.3
22,2743.3
10,2743.3
26,2743.4
12,2743.6
15,2744.0
23,2749.4
16,2749.6
7,2750.2
4,2751.7
10,2752.1
3,2752.5
22,2752.5
16,3128.2
23,3128.2
7,3128.3
4,3128.3
10,3128.4
22,3128.4
3,3128.4
26,3128.6
12,3128.7
15,3129.2
23,3134.4
16,3134.5
7,3135.8
4,3136.1
10,3138.0
22,3138.4
3,3138.5
16,3208.1
23,3208.1
4,3208.2
7,3208.2
22,3208.3
3,3208.3
10,3208.3
26,3208.5
12,3208.6
15,3209.0
23,3214.0
16,3214.1
7,3215.2
4,3215.5
10,3217.0
22,3217.3
3,3217.3
16,3288.1
23,3288.1
7,3288.2
10,3288.2
4,3288.2
3,3288.3
22,3288.3
26,3288.4
12,3288.6
15,3289.0
23,3293.9
16,3294.1
7,3295.2
4,3295.5
10,3297.1
22,3297.4
3,3297.5
16,3368.1
23,3368.1
4,3368.2
7,3368.2
10,3368.3
3,3368.3
22,3368.3
26,3368.4
12,3368.6
15,3369.0
23,3374.4
16,3374.7
7,3375.1
4,3375.4
10,3377.0
3,3377.3
22,3377.3
16,3753.2
23,3753.2
4,3753.3
7,3753.3
10,3753.4
3,3753.4
26,3753.6
12,3753.7
15,3754.2
27,3754.2
23,3759.4
16,3759.5
7,3760.8
4,3761.1
10,3763.0
3,3763.5
23,3833.1
16,3833.1
7,3833.2
4,3833.2
10,3833.3
3,3833.3
26,3833.5
12,3833.6
27,3833.9
15,3834.0
23,3839.0
16,3839.1
7,3840.2
4,3840.5
10,3842.0
3,3842.3
16,3913.1
23,3913.1
10,3913.2
4,3913.2
7,3913.2
3,3913.3
26,3913.4
12,3913.6
27,3913.9
15,3914.0
23,3918.9
16,3919.1
7,3920.2
4,3920.5
10,3922.1
3,3922.5
16,3993.1
23,3993.1
4,3993.2
7,3993.2
3,3993.3
10,3993.3
26,3993.4
12,3993.6
27,3993.8
15,3994.0
23,3999.4
16,3999.7
7,4000.1
4,4000.4
10,4002.0
3,4002.3
16,4378.2
7,4378.3
4,4378.3
10,4378.4
3,4378.4
8,4378.4
26,4378.6
12,4378.7
27,4379.0
15,4379.2
16,4384.5
7,4385.8
4,4386.1
8,4386.6
10,4388.0
3,4388.5
16,4458.1
8,4458.2
4,4458.2
7,4458.2
3,4458.3
10,4458.3
26,4458.5
12,4458.6
27,4458.9
15,4459.0
16,4464.1
8,4465.2
7,4465.2
4,4465.5
10,4467.0
3,4467.3
16,4538.1
10,4538.2
4,4538.2
8,4538.2
7,4538.2
3,4538.3
26,4538.4
12,4538.6
27,4538.9
15,4539.0
16,4544.1
7,4545.2
4,4545.5
8,4546.1
10,4547.1
3,4547.5
8,4600.8
16,4618.1
7,4618.2
4,4618.2
3,4618.3
10,4618.3
26,4618.4
12,4618.6
27,4618.8
8,4618.9
15,4619.0
16,4624.7
7,4625.1
4,4625.4
10,4627.0
3,4627.3
8,4695.8
16,5003.2
7,5003.3
8,5003.3
4,5003.3
10,5003.4
3,5003.4
26,5003.6
13,5003.7
12,5003.7
27,5004.0
16,5009.5
7,5010.8
8,5010.9
4,5011.1
10,5013.0
3,5013.5
16,5083.1
4,5083.2
7,5083.2
8,5083.2
10,5083.3
3,5083.3
13,5083.5
26,5083.5
12,5083.6
27,5083.9
16,5089.1
7,5090.2
8,5090.3
4,5090.5
10,5092.0
3,5092.3
16,5163.1
4,5163.2
7,5163.2
10,5163.2
3,5163.3
13,5163.4
26,5163.4
8,5163.4
12,5163.6
27,5163.9
16,5169.1
7,5170.2
4,5170.5
8,5171.7
10,5172.1
3,5172.5
8,5224.4
16,5243.1
4,5243.2
7,5243.2
3,5243.3
10,5243.3
13,5243.4
26,5243.4
12,5243.6
8,5243.8
27,5243.8
16,5249.7
7,5250.1
4,5250.4
10,5252.0
3,5252.3
8,5254.1
8,5304.6
16,5628.2
8,5628.3
7,5628.3
4,5628.3
3,5628.4
26,5628.6
13,5628.6
12,5628.7
27,5629.0
1,5629.1
16,5634.5
7,5635.8
8,5635.9
4,5636.1
3,5638.5
16,5708.1
7,5708.2
4,5708.2
8,5708.2
3,5708.3
26,5708.5
13,5708.5
12,5708.6
27,5708.9
1,5708.9
16,5714.1
7,5715.2
8,5715.3
4,5715.5
3,5717.3
16,5788.1
4,5788.2
7,5788.2
3,5788.3
13,5788.4
8,5788.4
26,5788.4
12,5788.6
1,5788.8
27,5788.9
16,5794.1
7,5795.2
4,5795.5
8,5796.7
3,5797.5
8,5849.4
16,5868.1
7,5868.2
4,5868.2
3,5868.3
26,5868.4
13,5868.4
12,5868.6
1,5868.8
27,5868.8
8,5868.8
16,5874.7
7,5875.1
4,5875.4
3,5877.3
8,5879.1
8,5929.6
16,6253.2
7,6253.3
8,6253.3
4,6253.3
29,6253.4
3,6253.4
26,6253.6
13,6253.6
1,6254.0
27,6254.0
16,6259.5
7,6260.8
8,6260.9
4,6261.1
29,6261.3
3,6263.5
16,6333.1
7,6333.2
29,6333.2
8,6333.2
4,6333.2
3,6333.3
26,6333.5
13,6333.5
1,6333.8
27,6333.9
16,6339.1
29,6340.1
7,6340.2
8,6340.3
4,6340.5
3,6342.3
16,6413.1
29,6413.2
4,6413.2
7,6413.2
3,6413.3
13,6413.4
26,6413.4
8,6413.4
1,6413.8
27,6413.9
16,6419.1
7,6420.2
4,6420.5
29,6420.8
8,6421.7
3,6422.5
29,6474.0
8,6474.4
16,6493.1
7,6493.2
4,6493.2
3,6493.3
13,6493.4
26,6493.4
29,6493.7
1,6493.8
27,6493.8
8,6493.8
16,6499.7
7,6500.1
4,6500.4
3,6502.3
29,6504.1
8,6504.1
29,6554.0
8,6554.6
16,6878.2
8,6878.3
4,6878.3
7,6878.3
29,6878.3
3,6878.4
13,6878.6
18,6878.7
1,6879.0
27,6879.0
16,6884.5
29,6885.7
7,6885.8
8,6885.9
4,6886.1
3,6888.5
16,6958.1
4,6958.2
29,6958.2
7,6958.2
8,6958.2
3,6958.3
18,6958.5
13,6958.5
1,6958.8
27,6958.9
16,6964.1
7,6965.2
29,6965.2
8,6965.3
4,6965.5
3,6967.3
29,7027.8
16,7038.1
7,7038.2
4,7038.2
3,7038.3
18,7038.4
13,7038.4
8,7038.4
1,7038.8
27,7038.9
29,7040.0
16,7044.1
7,7045.2
4,7045.5
8,7046.7
3,7047.5
8,7099.4
29,7118.1
16,7118.1
4,7118.2
7,7118.2
3,7118.3
13,7118.4
18,7118.4
27,7118.8
1,7118.8
8,7118.8
16,7124.7
7,7125.1
29,7125.3
4,7125.4
3,7127.3
8,7129.1
29,7176.0
8,7179.6
16,7503.2
7,7503.3
29,7503.3
4,7503.3
8,7503.3
13,7503.6
18,7503.6
14,7503.7
1,7504.0
27,7504.0
16,7509.5
29,7510.7
7,7510.8
8,7510.9
4,7511.1
16,7583.1
4,7583.2
8,7583.2
29,7583.2
7,7583.2
14,7583.5
13,7583.5
18,7583.5
1,7583.8
27,7583.9
16,7589.1
7,7590.2
29,7590.2
8,7590.3
4,7590.5
29,7652.6
16,7663.1
7,7663.2
4,7663.2
18,7663.4
14,7663.4
13,7663.4
8,7663.4
1,7663.8
27,7663.9
29,7665.0
16,7669.1
7,7670.2
4,7670.5
8,7671.7
8,7724.4
16,7743.1
29,7743.1
7,7743.2
4,7743.2
18,7743.4
14,7743.4
13,7743.4
1,7743.8
8,7743.8
27,7743.8
16,7749.7
7,7750.1
29,7750.3
4,7750.4
8,7754.1
29,7801.0
8,7804.6
16,8128.2
4,8128.3
29,8128.3
8,8128.3
14,8128.6
13,8128.6
18,8128.6
27,8129.0
1,8129.0
25,8129.8
16,8134.5
29,8135.7
8,8135.9
4,8136.1
16,8208.1
4,8208.2
8,8208.2
29,8208.2
14,8208.5
18,8208.5
13,8208.5
1,8208.8
27,8208.9
25,8209.5
16,8214.1
29,8215.2
8,8215.3
4,8215.5
29,8277.6
16,8288.1
4,8288.2
13,8288.4
8,8288.4
14,8288.4
18,8288.4
1,8288.8
27,8288.9
25,8289.5
29,8290.0
16,8294.1
4,8295.5
8,8296.7
8,8349.4
16,8368.1
29,8368.1
4,8368.2
18,8368.4
14,8368.4
13,8368.4
8,8368.8
1,8368.8
27,8368.8
25,8369.4
16,8374.7
29,8375.3
4,8375.4
8,8379.1
29,8426.0
8,8429.6
29,8753.3
8,8753.3
4,8753.3
14,8753.6
13,8753.6
18,8753.6
27,8754.0
1,8754.0
21,8754.2
25,8754.6
29,8760.7
8,8760.9
4,8761.1
29,8833.2
4,8833.2
8,8833.2
13,8833.5
14,8833.5
18,8833.5
1,8833.8
27,8833.9
21,8834.0
25,8834.5
29,8840.2
8,8840.3
4,8840.5
29,8902.6
4,8913.2
18,8913.4
8,8913.4
14,8913.4
13,8913.4
1,8913.8
21,8913.9
27,8913.9
25,8914.4
29,8915.0
4,8920.5
8,8921.7
8,8974.4
29,8993.1
4,8993.2
14,8993.4
18,8993.4
13,8993.4
27,8993.8
8,8993.8
1,8993.8
21,8993.9
25,8994.4
29,9000.3
4,9000.4
8,9004.1
29,9051.0
8,9054.6
8,9378.3
29,9378.3
13,9378.6
14,9378.6
17,9378.6
18,9378.6
1,9379.0
27,9379.0
21,9379.1
25,9379.6
29,9385.7
8,9385.9
29,9458.2
8,9458.2
17,9458.4
18,9458.5
14,9458.5
13,9458.5
1,9458.8
21,9458.9
27,9458.9
25,9459.5
29,9465.2
8,9465.3
17,9471.4
29,9527.6
13,9538.4
17,9538.4
18,9538.4
8,9538.4
14,9538.4
1,9538.8
21,9538.9
27,9538.9
25,9539.4
29,9540.0
8,9546.7
17,9550.7
8,9599.4
29,9618.1
14,9618.4
18,9618.4
13,9618.4
17,9618.4
8,9618.8
1,9618.8
27,9618.8
21,9618.9
25,9619.4
29,9625.3
8,9629.1
29,9676.0
8,9679.6
