1,97.7
33,102.8
0,103.5
22,103.9
13,104.2
12,105.1
39,105.5
1,105.8
29,106.6
51,107.1
8,109.5
49,123.3
52,124.5
33,128.0
52,131.4
49,134.6
15,134.9
35,135.4
52,136.0
33,139.9
55,140.4
15,141.7
35,142.4
52,144.0
55,147.6
29,148.3
14,150.6
49,150.9
15,150.9
35,151.4
59,153.3
13,158.2
54,159.5
15,160.7
19,160.8
3,164.6
29,165.1
55,168.0
13,176.4
14,178.4
1,178.5
13,180.7
14,182.9
0,185.8
13,185.8
14,187.3
13,192.4
33,193.4
14,194.3
52,196.0
29,198.9
13,200.9
53,202.5
33,202.7
52,203.2
11,209.7
52,211.1
14,211.7
53,214.8
55,215.1
11,215.5
1,259.0
0,271.7
39,271.8
33,275.5
52,276.0
15,277.7
35,279.3
52,281.9
15,282.9
35,286.2
15,287.3
52,291.5
33,292.2
15,293.5
35,294.5
54,296.2
36,298.9
15,300.8
54,304.0
15,309.8
35,312.6
54,317.4
1,642.2
33,644.9
13,644.9
0,647.5
29,648.0
22,648.5
39,649.3
1,649.9
12,650.3
51,652.9
8,653.9
33,655.4
52,658.5
13,659.2
49,660.3
29,660.8
54,662.0
52,662.9
35,663.8
33,663.8
2,664.7
15,664.7
49,666.3
52,667.5
55,669.1
35,669.7
33,670.5
49,670.8
52,671.1
15,671.1
24,672.5
54,673.0
29,673.3
35,674.6
36,675.3
15,675.6
55,677.4
52,677.7
54,680.4
15,682.0
36,682.1
35,683.0
29,683.1
52,686.3
15,688.4
14,688.7
19,692.8
55,693.5
13,696.7
14,697.0
15,701.0
35,702.4
19,705.1
3,708.5
14,711.1
1,723.8
29,729.3
0,730.1
33,739.8
52,742.5
52,751.5
33,763.3
52,764.0
1,803.7
0,813.3
33,819.3
52,820.9
22,822.4
15,823.3
35,824.3
52,826.4
15,828.8
35,830.1
49,831.4
55,832.3
54,833.2
33,833.4
15,834.7
29,834.8
52,836.2
36,836.8
13,838.0
35,838.3
14,838.5
15,839.9
54,840.4
13,845.4
14,845.6
15,851.4
14,854.5
13,854.8
14,868.1
13,869.7
1,882.8
0,892.2
1,895.1
33,898.5
52,901.0
22,901.2
52,906.7
29,908.2
49,909.1
33,910.1
55,913.0
52,914.7
15,914.9
35,915.0
29,918.2
15,923.3
35,926.4
15,932.8
1,1266.1
33,1267.0
13,1267.5
29,1268.1
22,1270.0
0,1270.8
1,1272.7
33,1274.8
12,1275.1
13,1275.3
39,1275.7
29,1275.8
49,1276.6
54,1277.8
51,1279.7
2,1281.5
23,1281.5
56,1282.3
52,1283.4
22,1285.1
49,1285.4
33,1286.3
35,1286.9
15,1287.2
52,1287.5
55,1288.6
8,1288.8
29,1289.9
52,1291.9
49,1292.4
35,1292.4
15,1292.8
33,1293.1
55,1295.1
52,1296.1
29,1296.8
15,1297.2
35,1297.5
11,1297.6
15,1303.0
52,1304.0
55,1304.9
35,1305.5
14,1308.0
36,1308.4
15,1308.6
54,1311.6
13,1313.2
14,1316.3
13,1319.2
15,1320.4
35,1320.6
19,1321.0
14,1323.7
19,1333.9
14,1336.3
13,1338.8
1,1344.1
1,1348.6
0,1352.5
1,1353.7
25,1354.0
29,1356.8
1,1358.9
15,1359.8
25,1360.6
13,1361.6
35,1362.5
33,1364.0
14,1364.3
1,1365.3
52,1365.8
15,1367.0
13,1368.1
55,1369.5
35,1371.2
14,1373.9
52,1375.6
15,1377.7
13,1378.4
1,1432.2
33,1441.8
52,1445.1
33,1450.3
52,1452.2
29,1452.4
54,1454.3
49,1455.8
15,1460.7
54,1461.4
52,1462.6
35,1463.1
29,1463.7
36,1468.9
15,1469.2
35,1473.1
54,1483.2
15,1504.5
1,1506.6
0,1511.9
22,1512.9
1,1515.9
15,1516.2
35,1517.1
33,1521.2
15,1521.4
52,1523.8
35,1523.9
15,1527.8
52,1529.2
33,1529.6
49,1530.0
35,1531.8
29,1533.6
52,1536.1
55,1536.6
13,1541.1
14,1541.3
14,1547.4
13,1547.9
29,1550.1
14,1555.9
13,1557.2
14,1569.5
13,1574.3
1,1890.0
33,1891.9
13,1892.2
29,1892.9
22,1894.2
1,1895.0
0,1895.4
49,1898.8
33,1899.9
13,1899.9
54,1900.3
29,1901.1
12,1901.7
39,1903.1
23,1903.8
22,1904.2
1,1904.3
2,1908.0
52,1908.3
49,1908.6
33,1910.9
35,1912.0
52,1912.3
15,1912.5
55,1913.6
29,1914.5
49,1916.0
52,1916.9
35,1918.1
33,1918.2
15,1918.7
13,1920.5
55,1921.2
52,1922.0
15,1923.4
29,1924.3
35,1924.7
14,1925.3
15,1930.2
14,1931.0
52,1931.0
55,1931.3
35,1932.9
13,1933.2
36,1933.8
15,1937.3
14,1939.6
54,1940.9
13,1942.1
15,1946.4
19,1947.6
14,1959.7
1,1967.7
1,1972.6
29,1974.4
25,1976.1
1,1977.0
0,1978.5
1,1982.1
25,1983.1
55,1983.7
29,1983.8
22,1986.0
1,1989.1
33,1990.1
52,1992.0
52,2001.8
15,2003.8
35,2004.8
15,2013.3
35,2016.0
15,2025.8
1,2054.4
48,2064.9
33,2065.0
52,2067.6
48,2071.9
52,2072.7
33,2072.8
49,2074.1
0,2074.5
29,2078.7
54,2080.7
52,2081.8
48,2082.1
55,2082.7
15,2085.3
35,2086.5
54,2090.0
36,2090.1
14,2090.9
13,2091.1
15,2094.2
14,2098.9
35,2099.2
13,2099.6
15,2101.8
14,2108.6
13,2109.8
1,2130.7
22,2136.9
1,2137.5
0,2138.2
33,2146.4
52,2147.9
22,2150.7
52,2153.3
49,2154.5
33,2154.8
29,2157.0
52,2161.4
55,2161.4
15,2163.9
35,2165.3
15,2171.6
29,2176.2
35,2176.9
15,2178.1
54,2185.2
36,2188.7
3,2193.2
3,2199.6
42,2204.9
1,2514.5
33,2516.5
13,2516.6
29,2517.5
22,2517.9
0,2518.6
1,2519.0
49,2521.2
54,2522.4
13,2523.6
33,2524.7
29,2525.4
1,2526.6
22,2526.8
12,2529.0
23,2530.0
0,2530.3
49,2530.5
39,2531.5
52,2533.1
33,2534.5
2,2534.7
35,2536.2
55,2536.6
52,2537.4
15,2537.6
29,2538.3
49,2538.8
33,2541.5
52,2542.3
35,2542.9
15,2543.5
55,2545.6
15,2548.4
52,2548.8
35,2549.9
54,2550.9
36,2551.1
29,2554.4
15,2555.0
55,2556.3
52,2557.0
14,2557.7
35,2558.0
15,2561.4
13,2564.0
54,2564.3
14,2565.4
3,2571.5
15,2572.8
14,2574.8
13,2574.8
14,2588.1
1,2592.1
1,2596.7
25,2597.0
13,2597.6
29,2599.3
0,2602.7
1,2604.1
22,2604.5
1,2609.8
55,2610.2
25,2613.2
29,2614.4
33,2615.4
52,2617.4
1,2619.0
13,2622.4
14,2622.9
52,2627.6
14,2634.6
13,2636.6
54,2653.5
1,2678.0
0,2687.6
22,2691.5
33,2692.2
52,2693.7
35,2697.8
15,2698.2
52,2698.8
49,2700.8
33,2701.6
15,2703.8
35,2703.9
55,2704.0
29,2704.8
52,2705.0
15,2709.0
35,2711.0
15,2714.2
55,2721.1
15,2727.7
35,2730.9
1,2755.4
0,2760.8
1,2761.6
22,2761.9
33,2771.8
52,2775.9
22,2777.1
1,2778.1
48,2779.6
33,2780.4
54,2780.7
52,2781.9
49,2782.9
29,2783.3
13,2787.8
14,2788.1
54,2788.4
48,2789.4
36,2791.1
52,2791.5
29,2793.0
49,2793.8
13,2794.8
14,2794.8
15,2799.1
35,2802.1
14,2804.1
13,2805.5
54,2807.2
15,2814.1
14,2824.1
1,3138.0
33,3139.5
13,3139.5
22,3139.7
0,3140.2
29,3140.2
1,3141.0
49,3142.3
54,3142.6
13,3144.3
33,3144.6
1,3144.8
22,3144.9
29,3145.1
0,3145.4
49,3147.8
35,3148.0
23,3148.2
12,3148.8
1,3148.8
55,3148.9
13,3149.3
22,3149.4
54,3150.4
39,3150.7
0,3151.1
29,3151.2
33,3151.3
2,3152.0
15,3152.2
51,3154.4
11,3154.5
1,3154.9
56,3155.0
35,3156.2
22,3157.9
15,3164.3
1,3219.3
33,3221.4
13,3221.6
0,3222.5
29,3223.3
1,3224.6
22,3224.6
54,3227.4
13,3229.2
0,3230.7
22,3232.5
1,3232.8
33,3242.0
1,3298.9
33,3301.0
13,3301.1
29,3301.5
0,3302.1
22,3302.7
1,3303.3
49,3305.8
54,3306.0
13,3307.4
29,3307.8
22,3308.8
1,3309.0
33,3309.4
0,3309.9
35,3313.5
12,3314.1
39,3316.4
33,3320.3
52,3320.4
1,3378.8
13,3381.5
33,3381.8
0,3381.9
22,3382.1
29,3382.3
1,3382.9
54,3386.4
22,3388.0
13,3388.1
1,3388.4
0,3389.3
49,3389.7
29,3390.2
23,3392.7
33,3394.4
35,3396.9
52,3402.1
15,3405.5
1,3763.4
33,3764.5
13,3764.5
22,3764.8
29,3765.2
0,3765.3
1,3766.8
49,3767.3
54,3767.6
13,3769.4
33,3769.6
22,3770.0
29,3770.1
0,3770.7
1,3771.0
56,3771.2
30,3771.5
49,3772.7
35,3773.2
23,3773.4
12,3773.9
55,3774.0
22,3774.5
13,3774.5
54,3775.3
1,3775.3
29,3776.1
0,3776.6
33,3776.8
15,3776.8
2,3777.0
51,3778.8
11,3779.3
56,3781.2
22,3781.9
35,3782.0
29,3786.3
39,3786.6
40,3787.5
1,3787.8
1,3844.6
33,3847.0
0,3847.1
13,3847.3
22,3847.9
1,3850.1
29,3850.3
54,3853.7
22,3854.1
0,3854.7
13,3858.8
1,3859.1
1,3924.5
33,3925.5
13,3926.1
29,3926.8
0,3927.0
22,3927.8
49,3930.1
1,3930.2
54,3930.9
13,3932.1
33,3932.8
29,3933.6
22,3933.9
0,3934.5
56,3937.5
1,3938.2
35,3938.2
12,3939.8
33,3943.7
30,3948.7
1,4004.4
13,4006.1
33,4006.2
0,4007.0
22,4007.2
29,4007.2
1,4009.5
54,4010.8
49,4011.9
13,4012.4
22,4013.1
0,4014.6
29,4014.8
1,4016.4
33,4017.2
23,4018.6
35,4022.1
56,4025.9
1,4388.4
33,4389.6
22,4389.8
0,4390.3
54,4391.3
1,4391.7
49,4392.2
13,4392.6
29,4392.8
33,4394.3
15,4394.7
22,4394.8
0,4395.7
1,4395.8
49,4397.6
39,4398.0
54,4398.1
23,4398.4
35,4399.0
22,4399.3
29,4399.9
1,4400.0
5,4400.0
13,4400.2
32,4400.8
55,4401.3
33,4401.4
0,4401.4
56,4401.7
11,4403.5
51,4404.3
22,4405.9
35,4407.4
54,4408.5
1,4409.6
49,4412.2
15,4414.3
1,4469.6
33,4471.3
0,4472.5
22,4472.5
54,4474.9
1,4475.5
22,4479.8
0,4481.3
33,4483.3
29,4483.8
39,4491.0
1,4549.0
33,4551.0
0,4551.7
22,4551.7
1,4553.1
54,4553.4
29,4556.3
22,4557.4
13,4557.4
15,4557.7
1,4558.3
49,4558.6
0,4559.0
33,4560.2
23,4561.9
54,4564.1
22,4566.7
1,4567.9
1,4629.6
33,4630.6
0,4632.2
22,4632.8
54,4633.5
49,4634.1
13,4634.6
29,4634.8
1,4634.9
33,4637.7
22,4638.8
15,4639.1
0,4640.1
35,4640.9
1,4642.3
54,4643.2
49,4643.7
39,4643.9
51,4651.1
56,4657.4
1,5013.4
33,5014.5
22,5014.8
0,5015.3
1,5016.7
49,5017.3
55,5018.8
17,5018.9
54,5018.9
33,5019.4
15,5019.7
22,5019.8
0,5020.7
1,5020.8
49,5023.0
39,5023.1
23,5023.3
35,5024.0
8,5024.4
22,5024.5
5,5025.1
1,5025.1
32,5025.6
0,5026.7
56,5027.1
33,5027.1
54,5027.3
16,5029.5
51,5029.7
11,5030.1
29,5031.3
22,5031.9
15,5034.0
35,5035.3
17,5036.1
49,5036.5
40,5039.2
1,5094.5
33,5095.7
0,5097.7
22,5097.8
1,5099.6
33,5103.2
22,5103.9
55,5104.3
54,5105.1
0,5106.3
1,5108.1
1,5174.3
33,5175.7
22,5177.0
0,5177.1
1,5179.0
49,5180.6
15,5182.2
22,5182.8
33,5183.6
54,5184.2
17,5184.9
0,5185.0
1,5185.3
39,5187.0
55,5188.5
35,5190.3
22,5193.9
23,5194.8
1,5254.7
33,5255.4
0,5258.1
22,5258.3
49,5258.7
1,5260.3
33,5262.0
54,5262.8
17,5263.2
15,5263.7
22,5264.7
55,5265.1
49,5267.5
0,5267.6
35,5269.3
1,5272.1
51,5273.9
56,5274.3
1,5638.4
22,5639.8
0,5640.3
33,5641.0
15,5641.7
1,5641.7
55,5641.8
49,5642.3
23,5643.5
54,5643.8
8,5643.9
22,5644.8
0,5645.8
1,5645.9
17,5647.0
11,5647.7
39,5647.9
49,5647.9
33,5648.5
35,5648.7
15,5649.1
22,5649.3
13,5649.5
23,5649.7
32,5649.7
5,5649.8
55,5649.9
1,5650.2
56,5651.4
31,5651.8
0,5651.9
8,5652.2
54,5652.3
16,5653.9
51,5654.0
7,5654.5
11,5655.8
22,5656.2
35,5657.2
15,5658.2
49,5658.4
13,5660.9
29,5661.0
40,5661.7
39,5664.3
1,5665.1
1,5719.5
0,5722.2
22,5722.4
33,5723.1
15,5724.7
1,5724.9
55,5724.9
22,5728.4
23,5728.6
54,5729.3
0,5730.2
49,5730.3
1,5733.5
8,5734.4
1,5799.4
0,5802.0
22,5802.2
33,5802.8
15,5803.7
1,5804.6
55,5804.7
49,5807.0
23,5807.7
22,5808.2
54,5809.0
0,5809.8
8,5811.6
1,5812.3
11,5813.6
15,5814.8
35,5815.9
39,5818.9
22,5821.8
1,5879.6
0,5882.1
33,5882.2
22,5883.7
55,5883.8
49,5884.1
15,5884.6
1,5884.9
54,5887.7
23,5888.1
0,5889.9
22,5890.6
17,5891.5
49,5893.4
11,5893.7
1,5893.8
8,5893.9
35,5894.2
13,5896.4
51,5896.7
31,5897.2
56,5898.5
7,5904.6
16,5906.2
15,5911.6
1,6263.8
22,6264.7
0,6265.2
33,6265.2
8,6266.4
49,6267.3
1,6267.5
54,6268.8
22,6269.7
0,6270.5
33,6270.8
23,6272.0
17,6272.1
1,6272.3
11,6272.5
8,6272.9
49,6273.0
35,6273.8
13,6274.1
32,6274.2
22,6274.2
5,6274.7
15,6275.5
31,6276.1
56,6276.5
0,6276.6
54,6277.4
1,6277.6
22,6280.8
23,6280.8
16,6280.9
11,6281.5
8,6282.1
35,6282.4
33,6283.2
55,6283.6
37,6284.0
49,6284.9
39,6296.3
1,6345.7
33,6347.1
0,6347.5
22,6348.7
1,6353.3
54,6355.0
22,6355.4
0,6355.8
8,6360.8
1,6425.1
33,6426.4
22,6427.3
0,6427.5
8,6429.6
49,6431.0
1,6431.4
22,6433.4
54,6434.1
0,6436.0
33,6436.5
35,6439.7
23,6441.7
1,6443.0
15,6444.4
11,6446.7
13,6449.1
22,6450.1
1,6505.0
33,6506.4
0,6507.2
22,6507.7
8,6508.2
49,6508.7
1,6510.9
54,6512.7
22,6513.7
0,6515.2
33,6516.5
17,6516.9
49,6517.4
35,6519.1
1,6522.0
56,6523.2
1,6888.8
22,6889.7
0,6891.1
8,6891.3
49,6892.3
1,6892.5
35,6893.2
54,6893.8
33,6894.2
22,6894.7
31,6895.0
55,6896.6
17,6897.2
0,6897.3
23,6897.3
1,6897.4
58,6898.0
49,6898.0
8,6898.1
22,6899.2
13,6899.6
5,6899.7
15,6900.5
35,6900.6
56,6901.4
30,6901.5
54,6902.1
31,6902.4
1,6902.5
11,6902.8
0,6904.0
16,6905.4
23,6905.6
22,6905.6
37,6907.4
8,6907.8
49,6908.8
39,6910.2
15,6910.3
55,6911.0
29,6914.3
35,6915.7
1,6970.6
22,6973.3
0,6974.2
1,6978.0
54,6979.6
22,6980.4
33,6983.0
8,6983.2
0,6984.2
35,6988.5
1,7049.7
22,7052.0
0,7053.1
8,7054.3
1,7055.0
49,7057.6
22,7058.0
54,7059.7
0,7060.9
31,7061.9
23,7062.2
1,7062.7
35,7062.8
22,7070.8
33,7075.1
13,7085.8
1,7130.1
22,7133.2
0,7133.4
8,7133.6
49,7133.9
1,7136.2
35,7137.7
54,7137.8
58,7139.0
22,7139.7
0,7141.4
17,7142.6
33,7142.7
55,7143.2
49,7143.3
31,7143.5
56,7148.5
1,7513.8
0,7516.0
8,7516.1
22,7516.2
54,7516.8
1,7517.5
35,7517.6
16,7518.5
33,7518.8
37,7519.2
31,7519.3
20,7521.2
55,7521.9
58,7522.0
0,7522.1
1,7522.3
22,7523.0
8,7523.1
13,7523.9
56,7524.1
54,7524.3
5,7524.7
35,7524.7
30,7525.2
15,7525.4
44,7526.2
31,7526.2
16,7527.5
1,7527.6
0,7528.4
37,7530.3
22,7530.4
33,7531.8
8,7532.5
54,7532.9
15,7533.1
20,7533.6
13,7533.6
49,7533.7
55,7534.3
35,7534.6
39,7536.8
11,7539.3
1,7595.9
0,7599.6
54,7601.2
8,7601.9
1,7604.3
22,7606.7
35,7608.6
0,7612.0
31,7614.2
1,7674.5
0,7678.1
8,7678.4
22,7678.5
54,7678.7
1,7679.7
16,7679.9
33,7681.0
58,7684.7
35,7684.7
20,7685.7
0,7685.8
1,7686.1
22,7687.0
54,7687.5
31,7688.6
8,7690.8
13,7694.7
15,7701.0
1,7754.8
0,7758.3
54,7759.3
8,7759.3
22,7759.4
1,7760.2
16,7760.3
37,7760.4
35,7760.9
33,7761.2
56,7765.4
55,7765.8
0,7766.1
31,7767.3
1,7767.9
54,7768.7
22,7769.2
58,7769.2
35,7770.1
44,7775.4
20,7776.0
1,8139.9
8,8141.0
22,8141.1
54,8141.8
31,8142.1
35,8142.7
16,8143.4
0,8143.6
33,8143.8
37,8144.2
13,8144.6
1,8144.9
20,8146.3
55,8147.0
58,8147.2
22,8147.9
8,8148.4
34,8148.6
41,8148.9
54,8149.2
31,8149.2
56,8149.4
35,8149.8
1,8150.2
30,8150.4
7,8150.5
15,8150.6
0,8150.8
13,8151.5
44,8151.8
16,8152.4
22,8154.7
37,8155.7
33,8155.8
55,8156.5
54,8157.2
6,8157.5
5,8157.9
8,8158.6
15,8158.8
39,8159.2
35,8159.4
31,8159.5
20,8159.7
0,8160.7
11,8162.1
44,8175.7
1,8222.3
8,8225.3
22,8225.8
54,8226.7
31,8229.3
1,8237.3
1,8301.8
22,8303.6
54,8303.7
8,8304.1
31,8305.2
35,8305.3
16,8305.3
33,8306.4
0,8306.6
13,8308.9
1,8309.9
58,8310.4
41,8310.5
20,8310.7
54,8312.5
22,8313.0
37,8313.3
35,8313.8
55,8318.0
0,8318.2
31,8320.7
15,8322.7
13,8322.8
33,8329.1
1,8381.1
8,8383.0
22,8383.4
54,8384.9
16,8386.6
31,8387.4
1,8387.9
0,8388.2
35,8389.3
22,8392.7
54,8396.9
20,8398.6
37,8766.5
16,8766.5
54,8766.8
0,8766.9
31,8767.1
1,8767.2
35,8767.6
8,8767.6
22,8769.3
7,8769.5
55,8770.9
34,8772.3
37,8773.2
16,8773.6
0,8773.8
54,8773.9
41,8774.0
56,8774.1
31,8774.4
1,8774.4
15,8774.5
35,8774.7
30,8775.9
20,8776.1
22,8776.4
44,8776.8
8,8777.1
7,8777.4
17,8778.9
13,8779.1
55,8781.9
6,8782.4
58,8782.6
54,8782.7
0,8782.7
5,8783.5
29,8783.9
35,8783.9
15,8784.1
16,8785.7
1,8786.0
31,8786.5
0,8850.4
54,8852.3
31,8854.5
8,8857.3
1,8858.1
0,8865.0
22,8869.4
16,8928.0
37,8928.5
54,8928.8
31,8930.5
1,8930.9
0,8931.0
35,8931.3
7,8933.3
8,8933.5
22,8936.3
54,8937.1
41,8938.8
35,8941.8
16,8941.8
1,8942.9
55,8944.6
0,8948.6
37,9007.2
16,9008.2
31,9009.1
54,9009.3
0,9010.7
1,9011.1
35,9011.9
7,9012.6
8,9012.8
34,9013.8
22,9014.4
56,9016.0
54,9017.8
37,9019.1
0,9020.8
44,9021.4
16,9022.9
1,9024.1
35,9025.7
37,9391.5
31,9392.1
8,9392.9
16,9393.0
7,9394.3
32,9394.6
53,9395.4
55,9395.8
34,9397.5
37,9398.3
35,9398.4
54,9398.5
41,9399.0
30,9399.1
31,9399.1
15,9399.2
56,9400.2
45,9400.3
8,9401.1
39,9401.4
17,9402.0
20,9403.1
7,9403.1
22,9403.7
16,9405.1
6,9405.5
44,9405.6
13,9406.7
15,9407.8
31,9408.5
5,9408.5
58,9408.9
32,9410.9
55,9411.6
4,9411.7
29,9412.4
0,9413.3
11,9416.4
39,9422.2
1,9423.1
31,9475.7
37,9475.8
8,9476.0
53,9478.9
37,9552.7
31,9553.7
16,9553.9
7,9555.8
8,9555.9
32,9556.4
35,9559.4
55,9559.5
41,9560.0
54,9560.0
34,9560.7
53,9561.9
31,9563.3
30,9563.7
45,9564.6
15,9565.6
22,9568.7
7,9571.5
35,9572.0
56,9572.1
39,9572.9
37,9632.3
16,9634.1
31,9634.4
8,9635.7
32,9637.6
7,9641.5
53,9645.0
37,9645.9
55,9646.0
44,9647.9
17,9663.6
