8,90.0
26,90.2
27,91.1
8,96.7
26,96.9
27,99.2
8,106.9
26,107.1
21,123.0
11,123.1
20,123.8
4,124.1
10,124.6
12,125.0
21,130.2
11,131.0
20,132.8
4,133.7
10,136.3
8,137.6
26,137.7
12,138.1
27,139.1
8,155.3
26,156.0
21,168.1
11,168.5
4,169.8
20,170.0
10,170.8
12,171.7
8,174.2
26,174.4
27,175.4
8,190.1
26,195.3
21,203.2
11,203.2
4,204.7
20,204.9
10,205.7
12,205.9
8,213.3
26,213.5
27,214.3
26,228.1
8,233.6
21,240.2
11,240.4
4,241.6
20,242.0
10,242.8
12,243.2
8,256.4
26,256.6
27,258.1
8,274.1
18,276.1
9,276.7
26,277.2
10,277.2
17,278.1
11,280.3
21,280.4
4,281.8
20,282.2
18,282.4
10,283.3
12,283.4
9,283.6
11,286.6
2,287.3
17,287.7
27,288.9
3,289.0
16,290.6
11,291.6
18,292.8
2,294.0
27,296.4
3,296.4
11,297.1
10,297.8
9,298.6
16,302.5
2,305.1
11,308.0
27,309.3
26,310.1
8,310.1
18,319.7
9,320.2
10,321.6
17,322.7
11,324.6
27,324.7
21,324.9
26,326.5
20,326.6
4,326.8
8,328.4
12,328.9
3,331.3
11,331.5
10,331.7
27,333.3
2,333.9
16,334.0
18,337.2
11,339.0
18,353.8
9,354.1
10,355.6
17,356.4
11,363.7
27,364.5
3,364.7
16,366.7
18,368.8
2,369.4
11,370.6
2,388.0
11,388.6
18,389.6
9,390.1
10,391.6
17,391.9
27,399.3
3,399.6
16,401.8
11,402.0
18,407.0
2,407.7
11,409.5
18,428.1
9,428.5
10,429.9
17,430.8
11,435.3
3,437.0
27,437.2
16,439.5
18,446.2
11,448.6
2,449.3
11,463.8
25,468.1
18,470.3
9,470.8
10,471.9
17,472.4
25,475.3
18,475.4
27,477.9
3,477.9
10,478.7
11,479.0
17,479.1
16,480.2
18,481.1
17,488.3
10,488.3
18,490.0
2,497.2
11,497.4
25,511.8
18,518.2
17,519.1
10,519.3
9,520.5
11,523.3
3,523.7
18,523.8
27,524.0
16,525.9
17,528.0
10,528.3
18,535.3
25,546.4
18,555.1
17,556.4
10,557.1
25,560.4
25,568.0
18,570.7
25,586.7
18,592.0
17,593.1
10,594.5
25,600.8
18,606.6
5,618.5
25,630.6
5,631.4
18,632.6
17,633.9
10,634.8
18,654.6
25,661.4
19,666.3
5,666.5
14,666.5
12,666.6
5,673.3
19,673.7
14,674.0
12,674.2
18,677.5
5,678.9
17,678.9
10,679.8
19,687.0
5,690.5
14,691.6
12,693.2
25,693.7
18,698.6
5,713.7
19,713.9
14,714.0
12,714.3
5,719.4
25,728.1
5,731.2
14,748.0
5,749.9
19,750.0
12,750.3
15,751.2
30,751.3
14,753.0
14,761.1
15,764.5
30,764.6
25,764.7
5,764.7
14,770.7
5,774.4
5,788.3
14,788.4
19,788.8
18,788.9
12,789.2
9,789.3
10,790.2
17,790.6
18,795.0
5,795.5
9,796.2
30,796.3
15,796.8
6,797.8
10,799.0
17,800.3
5,801.7
30,801.8
14,802.5
15,803.0
25,804.6
18,805.7
6,807.8
30,808.0
15,811.8
5,812.4
14,813.5
9,819.5
30,825.6
18,830.1
14,830.8
5,831.0
9,831.0
19,831.5
12,831.9
10,832.3
17,832.7
5,838.8
30,839.8
15,840.4
6,842.6
14,843.0
30,846.3
15,848.3
18,848.5
25,848.7
5,849.9
14,854.1
18,863.0
9,863.3
10,865.0
17,865.4
30,866.4
5,874.6
15,874.8
30,874.9
6,877.1
5,881.7
14,882.2
19,882.4
12,882.8
18,886.1
30,887.2
14,889.0
15,889.7
5,892.6
9,897.3
18,897.5
10,899.1
17,899.7
14,900.3
11,904.6
30,904.7
21,905.8
19,906.2
20,906.4
12,906.4
10,906.6
5,906.7
27,906.7
4,906.7
2,908.0
28,908.9
11,909.1
15,910.5
5,911.6
30,911.6
19,912.3
21,913.0
27,913.2
6,913.3
11,914.1
20,915.4
10,915.5
4,915.9
12,917.2
2,917.7
5,919.5
11,922.9
19,924.1
28,928.3
30,930.4
18,933.4
27,933.6
9,933.9
10,934.2
17,936.0
11,947.0
5,947.0
19,947.9
27,948.1
30,949.0
10,949.6
2,949.9
15,950.0
21,950.0
28,950.9
4,951.5
20,951.6
6,951.6
12,952.6
11,954.0
5,954.3
18,958.0
30,962.9
19,963.5
18,972.9
9,973.1
10,973.3
14,974.6
5,974.9
17,975.3
7,975.5
28,975.6
5,980.6
11,980.7
14,981.0
27,981.1
28,981.2
19,981.4
2,983.0
7,983.2
10,983.9
21,984.5
4,986.0
20,986.1
12,987.3
11,987.6
5,988.5
28,990.6
14,991.6
30,991.9
15,993.0
6,995.0
5,996.1
30,1005.9
19,1006.4
5,1014.9
11,1015.5
27,1015.6
19,1016.2
18,1016.2
28,1016.6
9,1016.6
10,1017.2
2,1017.4
14,1018.4
17,1018.8
7,1019.6
21,1020.6
4,1022.1
11,1022.1
20,1022.3
5,1022.3
12,1023.7
10,1026.5
28,1026.6
14,1035.0
5,1042.9
30,1043.6
15,1044.7
6,1046.7
5,1050.7
28,1051.9
11,1052.2
27,1052.2
19,1052.5
14,1052.8
7,1053.8
2,1054.3
5,1057.7
30,1058.7
11,1058.8
21,1059.6
4,1060.8
10,1061.0
20,1061.3
28,1062.0
12,1062.8
18,1071.0
14,1071.2
9,1071.3
10,1071.8
17,1073.5
11,1073.7
5,1075.2
14,1088.8
5,1089.5
28,1089.6
7,1089.7
18,1091.7
27,1092.2
19,1092.3
11,1092.5
2,1094.1
5,1098.2
28,1100.1
11,1101.1
21,1102.6
10,1103.8
4,1104.1
20,1104.3
12,1105.9
14,1108.4
11,1117.1
14,1127.2
7,1128.4
5,1129.0
28,1129.0
27,1136.4
19,1136.7
5,1136.9
11,1136.9
2,1137.6
28,1137.7
14,1140.4
11,1153.5
5,1153.7
21,1155.3
4,1156.6
20,1156.8
10,1157.0
12,1158.8
14,1170.2
7,1171.0
28,1171.7
5,1172.1
14,1184.3
13,1187.9
22,1189.5
31,1189.9
23,1190.5
14,1191.2
13,1196.0
14,1198.9
22,1199.4
5,1200.8
18,1201.0
31,1201.0
21,1201.3
4,1201.6
10,1201.9
9,1202.1
23,1202.3
28,1202.6
20,1202.8
13,1207.1
5,1208.4
21,1209.3
18,1209.3
4,1210.2
9,1211.3
10,1211.3
28,1212.5
20,1212.8
5,1216.4
21,1218.8
18,1219.8
14,1220.4
28,1221.7
7,1222.3
4,1224.0
5,1224.2
14,1232.3
13,1238.3
14,1240.2
22,1240.8
31,1241.7
28,1241.8
23,1242.5
5,1251.6
18,1252.3
21,1252.4
4,1252.9
10,1253.8
9,1253.8
20,1254.9
28,1254.9
5,1264.4
21,1272.6
13,1275.9
14,1276.5
22,1278.7
23,1279.4
31,1279.6
5,1290.7
18,1290.8
21,1291.2
4,1291.5
9,1292.3
10,1292.4
28,1293.2
20,1293.4
5,1307.2
13,1317.1
14,1317.5
22,1319.7
31,1320.6
23,1321.2
5,1332.5
18,1332.7
21,1333.1
4,1333.4
9,1334.1
10,1334.5
28,1335.3
20,1335.4
5,1349.9
13,1363.5
14,1364.1
22,1366.3
31,1366.6
23,1367.6
5,1381.3
18,1381.6
21,1382.1
4,1382.4
9,1383.2
10,1383.3
28,1384.3
20,1384.5
5,1396.3
27,1400.9
19,1401.2
11,1401.4
28,1401.8
2,1402.2
5,1403.3
27,1405.3
11,1406.2
3,1406.4
19,1407.6
16,1407.6
5,1409.0
21,1409.4
18,1409.9
27,1410.3
6,1410.7
15,1411.0
2,1412.0
29,1412.1
28,1412.2
11,1412.4
3,1414.1
5,1414.5
21,1416.0
18,1417.6
27,1417.8
6,1418.5
16,1418.7
15,1419.3
5,1421.2
29,1421.6
21,1424.8
11,1429.3
18,1432.6
5,1437.6
19,1439.0
27,1439.1
11,1440.8
2,1441.7
28,1442.0
27,1446.9
3,1448.7
11,1449.0
16,1450.8
5,1451.5
21,1457.3
19,1457.8
18,1458.4
6,1458.9
15,1459.1
5,1459.2
27,1459.6
29,1460.6
0,1463.2
8,1464.7
1,1465.6
21,1469.5
0,1469.9
5,1470.8
27,1471.7
11,1471.9
19,1472.1
2,1473.5
28,1473.7
8,1476.6
27,1480.2
11,1481.3
3,1482.2
1,1482.3
16,1484.1
0,1486.9
5,1487.3
27,1492.9
21,1494.0
18,1495.1
15,1495.6
6,1495.6
5,1495.7
29,1497.0
5,1504.2
27,1504.3
19,1504.6
11,1504.6
0,1505.9
2,1506.3
28,1506.8
21,1507.1
8,1508.1
1,1509.8
27,1514.7
11,1515.5
3,1516.9
16,1519.1
5,1519.5
27,1528.2
21,1533.3
18,1533.8
5,1533.9
6,1534.6
15,1535.1
29,1536.3
11,1539.2
27,1539.2
19,1539.5
0,1539.6
5,1540.3
28,1540.6
2,1540.7
8,1542.1
1,1542.3
21,1547.6
27,1551.8
11,1552.7
3,1554.2
5,1555.9
16,1556.2
27,1566.6
0,1574.8
5,1575.3
27,1576.3
11,1576.5
8,1576.5
19,1576.7
21,1576.7
18,1577.6
2,1577.7
6,1578.0
1,1578.0
15,1578.6
28,1579.0
29,1579.9
5,1582.5
27,1591.8
21,1593.2
11,1593.4
3,1594.6
16,1596.8
27,1606.1
0,1612.5
8,1614.8
1,1616.1
27,1616.7
11,1616.9
19,1617.0
5,1617.5
2,1618.3
28,1619.8
5,1631.0
21,1631.4
18,1632.5
6,1632.9
15,1633.3
29,1634.6
27,1637.6
11,1639.9
3,1640.3
16,1642.5
5,1645.3
21,1646.3
0,1653.7
27,1655.2
8,1656.0
13,1656.3
23,1657.2
1,1657.3
29,1658.2
11,1662.2
19,1662.5
13,1662.8
5,1663.0
27,1663.2
2,1664.0
28,1664.5
23,1665.0
29,1669.0
13,1674.2
13,1699.9
0,1700.7
23,1701.7
8,1703.1
29,1703.5
1,1704.0
13,1719.0
13,1734.5
23,1735.6
29,1737.6
13,1754.5
13,1770.2
23,1771.5
29,1773.8
13,1791.0
18,1801.1
20,1802.1
17,1802.2
9,1802.2
18,1808.0
13,1808.9
20,1810.1
23,1810.4
9,1811.2
17,1811.3
29,1812.4
18,1821.7
13,1845.7
18,1846.9
20,1848.1
9,1848.6
17,1848.9
23,1853.2
13,1853.4
29,1855.3
21,1878.4
30,1878.7
14,1879.2
23,1879.4
19,1879.5
18,1882.2
17,1883.6
20,1883.6
9,1884.1
21,1884.9
30,1886.1
14,1887.3
19,1889.0
23,1890.3
21,1898.5
20,1900.9
11,1901.1
4,1902.1
10,1902.7
13,1902.8
12,1903.2
23,1903.5
21,1905.1
29,1906.3
11,1908.9
20,1909.2
4,1911.3
21,1913.6
10,1913.9
12,1918.0
20,1919.4
18,1919.6
9,1921.5
17,1921.5
21,1926.0
30,1927.3
23,1927.4
14,1927.7
19,1928.5
21,1940.0
20,1943.9
18,1945.1
11,1945.9
17,1946.6
9,1946.7
4,1946.7
21,1947.5
10,1947.6
12,1949.5
20,1949.8
18,1951.8
17,1955.5
9,1955.9
20,1958.0
18,1958.2
2,1958.4
24,1960.3
17,1962.4
21,1962.6
30,1964.1
14,1964.9
2,1965.2
19,1965.4
18,1965.6
23,1966.2
24,1969.0
17,1973.6
21,1976.0
11,1980.4
20,1981.1
4,1981.9
10,1982.6
18,1983.9
12,1984.4
21,1984.7
17,1986.5
9,1986.5
20,1988.5
2,1995.0
18,1996.4
21,2002.3
17,2002.9
30,2003.4
2,2003.6
14,2004.2
19,2004.7
24,2004.7
23,2005.4
18,2006.5
21,2014.3
20,2015.3
18,2016.1
17,2016.1
11,2016.9
4,2017.7
9,2018.2
10,2018.8
12,2020.3
20,2024.2
21,2024.7
18,2031.5
2,2036.3
17,2037.0
24,2038.8
18,2043.3
21,2046.3
30,2047.1
14,2047.9
19,2048.3
17,2048.5
23,2049.5
20,2049.6
9,2049.9
18,2050.4
21,2054.7
11,2056.5
20,2057.3
4,2057.7
10,2058.2
12,2060.4
21,2065.7
2,2072.0
18,2073.1
17,2073.1
24,2074.8
18,2081.9
17,2082.7
20,2082.9
9,2084.3
18,2095.9
21,2099.5
20,2099.9
11,2100.7
4,2101.9
10,2102.7
30,2103.0
12,2103.5
14,2103.6
19,2104.2
23,2105.6
21,2105.8
2,2110.9
17,2111.7
18,2112.3
24,2113.4
20,2119.0
18,2119.1
17,2119.1
9,2120.8
21,2124.9
18,2133.8
20,2135.5
12,2136.2
3,2136.6
29,2136.7
30,2136.8
5,2137.2
20,2142.4
12,2143.3
3,2144.1
29,2144.2
30,2144.6
5,2145.5
20,2150.2
2,2151.0
12,2152.3
13,2153.4
17,2154.6
18,2154.6
24,2155.7
2,2156.8
29,2156.9
3,2156.9
20,2157.5
30,2159.3
9,2160.1
21,2160.2
11,2160.4
18,2161.6
4,2161.9
12,2162.3
10,2162.4
17,2164.0
20,2164.9
2,2169.8
13,2172.2
20,2184.1
12,2184.5
29,2185.3
3,2185.4
30,2185.6
5,2186.0
2,2193.2
13,2194.3
20,2196.2
12,2198.8
18,2200.9
17,2202.0
9,2203.5
2,2203.7
20,2204.5
24,2206.8
18,2208.2
17,2212.2
13,2213.5
14,2214.4
22,2215.6
31,2215.7
23,2216.2
2,2219.4
13,2220.7
20,2221.1
12,2221.4
30,2222.1
3,2222.2
29,2222.2
5,2223.0
14,2223.1
22,2225.4
31,2226.5
13,2226.7
23,2227.7
24,2233.1
20,2233.9
12,2235.2
16,2235.4
2,2240.1
24,2240.3
13,2244.1
16,2245.6
24,2247.5
18,2255.1
20,2256.4
17,2257.0
9,2257.8
2,2259.2
13,2259.3
12,2261.4
3,2261.7
29,2261.8
20,2262.1
30,2262.2
5,2262.6
14,2264.0
22,2266.1
31,2266.1
23,2266.4
13,2266.5
18,2272.4
20,2274.1
12,2278.6
24,2284.2
16,2287.2
13,2293.3
2,2294.5
24,2298.4
13,2300.7
14,2301.5
22,2303.4
31,2303.6
23,2304.1
12,2305.5
20,2305.7
29,2306.0
3,2306.0
30,2306.3
5,2306.8
13,2316.3
24,2319.1
16,2320.5
20,2324.2
12,2325.1
24,2326.0
16,2329.6
13,2332.2
2,2332.6
24,2334.3
13,2340.6
14,2341.7
22,2343.5
31,2343.9
23,2344.2
13,2354.7
24,2362.4
16,2364.8
13,2373.2
2,2374.1
24,2377.3
13,2385.3
14,2386.8
22,2387.9
31,2389.0
23,2389.8
24,2394.7
16,2397.8
13,2401.3
24,2406.6
13,2420.2
2,2421.4
24,2428.7
16,2431.8
24,2442.1
19,2447.1
14,2447.1
12,2447.3
5,2447.3
19,2454.4
14,2454.5
5,2454.5
12,2455.0
14,2462.0
13,2463.1
22,2464.8
24,2464.8
23,2465.1
31,2465.1
5,2465.4
19,2465.6
14,2466.7
12,2467.0
16,2467.9
21,2468.0
30,2468.0
13,2470.4
14,2471.1
23,2471.3
19,2473.8
22,2474.6
31,2475.5
14,2477.8
21,2478.0
24,2478.2
13,2478.9
30,2479.2
23,2479.7
14,2483.0
19,2483.4
22,2484.4
31,2485.5
13,2485.7
21,2486.6
23,2486.7
14,2489.5
30,2491.6
19,2493.5
5,2494.6
12,2494.9
14,2495.2
13,2499.6
24,2504.0
19,2505.8
14,2506.4
16,2506.8
14,2518.2
13,2518.2
24,2519.0
23,2519.8
22,2520.7
31,2521.3
21,2522.3
30,2522.4
19,2522.5
14,2525.0
5,2529.4
19,2530.2
14,2530.8
12,2531.2
23,2534.3
13,2540.2
14,2540.9
5,2541.1
19,2542.0
24,2547.0
14,2549.0
16,2549.2
13,2549.4
22,2550.3
31,2551.6
23,2551.8
5,2555.5
14,2559.2
24,2559.9
30,2560.8
21,2560.8
19,2561.2
23,2562.7
5,2564.6
14,2567.7
19,2569.0
13,2569.9
12,2570.0
5,2570.9
14,2576.4
13,2580.2
19,2580.8
22,2581.2
23,2581.9
31,2582.0
14,2584.4
5,2585.4
13,2593.7
21,2595.1
11,2595.4
29,2595.4
22,2595.6
1,2596.9
24,2600.0
13,2600.0
21,2600.8
14,2601.7
16,2602.5
30,2603.1
19,2603.4
11,2604.6
23,2604.8
29,2605.6
22,2607.9
21,2607.9
13,2609.5
14,2610.1
1,2611.2
5,2611.3
19,2611.4
11,2612.3
12,2612.3
29,2613.4
22,2614.4
21,2614.6
13,2614.6
24,2614.8
31,2614.9
14,2615.5
23,2615.6
5,2617.6
19,2623.2
13,2624.7
14,2626.7
5,2634.9
13,2647.5
22,2647.9
14,2648.0
23,2650.1
31,2650.4
21,2650.6
13,2652.7
11,2652.8
30,2652.8
29,2652.9
19,2653.2
14,2654.5
1,2654.8
22,2655.8
5,2656.5
21,2656.8
14,2661.9
19,2662.2
13,2662.3
5,2662.7
12,2663.4
23,2666.3
5,2669.5
30,2670.4
15,2671.6
14,2671.9
21,2672.2
6,2672.4
19,2675.3
5,2675.6
30,2676.3
15,2679.3
6,2682.8
5,2684.3
30,2684.7
14,2684.9
13,2685.0
22,2687.0
31,2687.4
23,2688.9
13,2692.1
21,2692.8
29,2693.5
11,2693.6
22,2695.6
1,2695.8
13,2701.3
14,2702.5
5,2705.1
21,2706.9
5,2713.5
30,2714.3
15,2715.6
6,2717.2
5,2723.8
13,2725.6
14,2726.2
22,2727.4
30,2727.6
31,2729.1
23,2730.1
13,2736.9
21,2738.9
29,2739.1
11,2739.2
22,2739.5
1,2741.6
13,2746.2
30,2748.6
5,2748.8
15,2749.9
6,2751.5
21,2757.7
30,2762.7
13,2772.3
14,2773.0
22,2773.9
31,2775.8
23,2776.7
30,2784.5
5,2784.6
15,2785.6
6,2787.0
13,2790.0
5,2795.3
21,2796.5
18,2796.5
4,2797.1
10,2797.6
9,2797.6
30,2798.0
20,2798.1
28,2798.7
5,2801.7
21,2804.5
18,2805.7
4,2806.9
9,2807.9
10,2808.3
5,2808.5
20,2809.0
28,2809.7
21,2811.9
18,2816.1
5,2820.6
4,2822.4
30,2823.4
15,2824.7
6,2825.8
5,2829.9
30,2837.6
5,2848.2
21,2849.0
18,2849.0
4,2849.7
9,2850.3
10,2850.7
20,2850.9
28,2851.7
5,2860.8
30,2866.3
15,2867.4
5,2868.7
6,2868.8
21,2869.1
18,2870.3
30,2881.6
5,2886.7
18,2887.6
21,2887.9
4,2888.4
9,2889.2
10,2889.6
28,2889.9
20,2890.1
19,2894.9
27,2895.0
11,2895.5
0,2895.6
26,2896.2
24,2896.3
5,2898.8
27,2901.2
11,2901.6
19,2901.7
0,2903.7
3,2904.4
24,2905.1
26,2905.2
16,2905.5
27,2906.2
11,2906.3
21,2906.3
4,2908.1
20,2908.3
10,2908.8
12,2910.4
11,2911.0
3,2912.3
27,2912.6
21,2913.1
16,2915.7
4,2916.4
20,2916.8
11,2916.9
30,2917.6
5,2917.8
10,2918.4
15,2918.7
19,2918.9
6,2920.2
21,2922.2
12,2924.5
5,2928.4
4,2929.3
21,2929.9
18,2929.9
20,2930.1
10,2930.3
9,2930.9
11,2930.9
28,2932.8
30,2934.3
27,2936.1
5,2937.3
19,2938.9
11,2939.8
0,2940.0
26,2940.7
24,2941.2
21,2942.8
27,2944.0
4,2946.5
3,2946.7
11,2947.4
16,2949.0
10,2949.7
21,2953.0
20,2953.3
27,2953.4
11,2953.8
4,2956.8
12,2956.8
21,2970.3
11,2971.0
27,2973.5
19,2973.6
0,2974.5
26,2975.6
24,2976.0
10,2977.4
11,2978.3
5,2979.3
27,2979.7
18,2979.7
4,2979.7
21,2980.0
3,2980.6
9,2980.7
20,2981.2
16,2982.4
28,2982.6
11,2986.1
21,2986.8
10,2986.9
4,2987.5
20,2989.4
12,2991.7
27,2992.4
5,2994.9
11,2996.8
21,2996.9
11,3009.8
27,3009.9
19,3010.0
26,3011.1
0,3011.2
24,3012.5
3,3015.6
27,3016.0
11,3017.0
16,3017.8
4,3022.0
21,3023.9
11,3024.2
20,3025.5
10,3025.9
12,3027.4
27,3031.3
11,3038.2
21,3040.3
27,3048.7
11,3049.2
19,3049.4
0,3050.5
26,3050.8
24,3051.6
3,3053.2
27,3054.8
16,3054.8
11,3057.4
21,3064.2
11,3064.6
4,3065.8
20,3066.0
10,3066.4
12,3067.6
27,3073.3
13,3076.0
14,3076.6
22,3077.5
31,3078.1
23,3078.5
13,3083.5
14,3084.9
11,3085.3
22,3087.5
31,3088.1
23,3090.4
27,3091.2
11,3092.1
19,3093.0
3,3093.8
13,3094.1
0,3094.1
26,3094.6
24,3095.3
16,3096.0
27,3097.8
11,3100.7
21,3108.6
11,3108.6
4,3110.3
20,3110.5
10,3110.7
12,3112.7
13,3123.3
14,3124.1
22,3125.9
31,3126.5
23,3127.6
11,3128.7
3,3139.8
27,3139.8
11,3141.7
16,3141.8
13,3143.5
27,3147.4
19,3148.2
11,3149.1
0,3149.3
26,3149.9
24,3150.6
13,3159.0
27,3159.3
14,3159.9
22,3161.6
31,3162.0
23,3163.1
11,3177.0
13,3196.6
14,3197.8
31,3198.2
22,3199.5
23,3201.1
5,3236.3
13,3237.8
18,3239.1
14,3239.1
9,3239.3
10,3240.6
17,3240.9
22,3241.0
31,3241.4
23,3242.4
18,3245.4
9,3245.9
5,3247.3
10,3249.4
17,3250.4
13,3253.6
18,3256.7
9,3262.2
18,3282.7
9,3283.1
10,3284.7
17,3284.7
13,3286.3
14,3287.4
22,3288.9
31,3289.0
23,3290.0
5,3290.2
18,3304.0
18,3316.6
9,3317.1
10,3318.8
17,3319.4
5,3331.2
18,3332.4
18,3352.5
9,3352.9
10,3354.6
17,3355.1
18,3368.6
5,3376.6
18,3390.7
9,3391.2
10,3393.1
17,3393.5
18,3408.0
28,3431.7
0,3431.8
21,3431.9
18,3433.2
27,3433.3
9,3433.6
22,3433.6
10,3434.7
17,3435.6
0,3438.6
28,3438.6
21,3439.3
27,3443.0
22,3443.6
0,3449.4
28,3451.2
9,3452.3
28,3479.0
0,3479.1
21,3479.3
27,3481.2
22,3482.0
18,3482.9
9,3483.1
10,3484.7
17,3485.3
0,3515.2
28,3515.2
21,3515.8
27,3517.6
22,3518.5
0,3534.0
28,3553.9
0,3554.1
21,3554.3
27,3556.3
22,3556.6
0,3574.7
28,3596.9
0,3597.1
21,3597.2
27,3599.1
22,3600.1
21,3606.5
11,3607.7
20,3608.4
4,3608.6
10,3608.9
12,3609.5
3,3612.8
20,3612.8
29,3613.0
21,3613.1
30,3613.1
5,3613.4
12,3613.9
11,3615.4
4,3618.0
20,3618.5
12,3619.6
10,3619.8
29,3620.3
3,3620.4
30,3620.9
5,3621.5
0,3622.5
21,3624.0
20,3625.1
12,3627.0
29,3632.3
3,3633.6
30,3634.3
21,3648.1
28,3648.3
5,3648.7
0,3648.7
27,3651.0
20,3651.3
22,3651.7
11,3651.7
4,3652.6
12,3652.9
10,3653.3
21,3654.7
20,3660.6
12,3660.8
3,3661.3
29,3661.4
30,3661.8
5,3662.4
20,3672.6
12,3673.3
21,3684.8
11,3685.5
20,3686.6
4,3687.1
10,3687.5
12,3687.9
12,3697.4
20,3697.5
3,3698.1
29,3698.4
30,3698.5
5,3699.0
21,3701.7
12,3709.5
20,3710.2
11,3721.4
21,3721.5
20,3722.7
4,3723.0
12,3723.7
10,3723.7
20,3736.9
12,3736.9
3,3737.7
29,3737.8
30,3738.0
5,3738.5
12,3748.3
20,3750.0
11,3760.1
21,3760.1
20,3761.3
4,3761.9
12,3762.1
10,3762.5
12,3780.8
20,3781.0
29,3781.5
3,3781.7
30,3782.2
5,3782.6
13,3783.1
14,3783.6
22,3784.4
31,3785.0
23,3785.4
13,3790.8
14,3792.3
12,3793.7
22,3794.2
20,3795.7
31,3795.9
23,3797.2
21,3802.5
13,3802.6
11,3802.9
4,3804.4
10,3804.7
29,3804.8
12,3805.3
20,3805.5
13,3831.7
14,3832.7
22,3833.9
31,3834.9
23,3834.9
12,3842.3
20,3842.6
3,3842.8
29,3843.0
30,3843.3
5,3843.9
20,3852.1
12,3852.2
21,3853.5
11,3853.7
4,3855.2
10,3855.5
13,3868.2
14,3869.3
22,3870.4
31,3871.0
23,3872.3
3,3874.7
27,3875.3
11,3875.5
16,3876.7
20,3877.4
3,3881.9
27,3883.2
11,3887.3
16,3888.4
27,3898.6
11,3899.5
19,3899.5
0,3900.1
26,3900.5
24,3900.8
27,3905.1
19,3906.4
11,3906.4
13,3907.7
0,3908.1
14,3908.5
26,3909.4
22,3910.1
24,3910.4
31,3910.8
23,3911.7
27,3914.2
11,3915.5
3,3916.9
16,3918.9
13,3919.9
21,3920.6
11,3921.1
29,3921.2
22,3922.1
1,3923.0
5,3923.5
3,3924.1
27,3924.3
21,3924.9
13,3926.5
11,3927.5
21,3930.0
29,3930.2
5,3930.5
3,3931.6
21,3937.8
22,3938.9
11,3939.1
13,3939.4
29,3940.7
1,3941.4
27,3942.7
19,3943.2
0,3944.2
11,3944.4
26,3944.8
21,3945.0
24,3945.3
5,3945.8
3,3948.2
13,3949.1
27,3949.3
22,3950.4
11,3950.5
14,3952.0
16,3952.2
31,3954.5
23,3955.4
13,3958.1
27,3959.8
29,3961.3
3,3962.4
11,3963.5
21,3968.7
5,3969.7
3,3971.6
27,3976.6
19,3977.3
11,3977.4
26,3978.4
0,3978.5
24,3979.3
21,3980.0
13,3981.2
29,3981.7
11,3982.0
22,3983.0
27,3983.4
3,3983.7
1,3984.1
16,3987.1
11,3988.7
21,3990.0
27,3994.7
13,3999.7
3,4001.0
21,4004.9
5,4005.5
13,4008.1
14,4008.5
22,4008.9
11,4010.1
31,4011.0
3,4011.8
23,4011.9
27,4012.8
19,4013.3
0,4013.9
26,4014.4
24,4015.2
11,4018.7
21,4019.7
27,4020.2
13,4021.1
3,4021.5
29,4022.7
22,4023.4
16,4024.0
11,4024.1
1,4025.1
21,4028.3
27,4032.2
13,4032.3
11,4034.4
21,4042.7
3,4043.1
5,4043.5
27,4051.4
11,4051.5
19,4051.7
0,4052.3
26,4053.3
24,4053.9
27,4059.8
3,4059.9
11,4060.3
21,4062.2
16,4063.6
11,4068.1
13,4068.9
29,4069.0
21,4070.0
22,4071.2
1,4071.6
27,4072.6
3,4075.1
11,4078.3
21,4082.9
5,4084.4
3,4085.9
13,4086.8
29,4088.7
11,4093.8
27,4093.8
19,4094.0
21,4095.1
0,4095.1
26,4095.7
24,4096.4
27,4104.3
11,4104.5
3,4105.3
16,4108.6
27,4117.9
3,4124.2
21,4124.3
5,4124.7
5,4131.5
21,4131.5
3,4132.0
27,4144.0
11,4144.1
19,4144.2
0,4145.3
21,4145.5
26,4145.6
24,4145.8
5,4147.7
3,4151.1
11,4161.5
5,4165.6
21,4165.6
3,4167.3
27,4168.2
13,4187.3
23,4188.3
29,4189.6
5,4190.1
13,4193.5
23,4196.1
21,4197.5
5,4198.5
3,4198.7
29,4201.1
13,4204.0
5,4230.4
13,4230.6
21,4230.9
3,4232.2
23,4232.3
29,4233.9
13,4246.5
13,4264.9
5,4265.8
21,4266.2
23,4266.5
3,4267.6
29,4268.3
13,4282.0
13,4300.7
23,4302.2
5,4303.6
21,4304.2
29,4304.3
3,4305.5
13,4319.8
21,4322.9
14,4323.1
19,4323.4
6,4323.9
13,4325.8
14,4328.9
21,4329.4
19,4330.0
6,4331.6
13,4332.8
13,4339.1
14,4340.3
23,4340.7
21,4342.4
29,4342.8
5,4345.0
3,4346.9
13,4349.1
21,4353.3
13,4362.4
14,4362.9
19,4363.0
21,4363.3
6,4363.9
13,4374.6
14,4380.6
13,4381.9
23,4383.2
21,4383.8
29,4385.3
5,4392.3
21,4392.7
13,4393.2
3,4394.2
14,4395.0
19,4395.5
6,4396.2
21,4399.8
13,4402.0
14,4409.9
13,4428.0
21,4428.1
14,4428.4
19,4428.7
6,4429.3
23,4433.0
13,4433.5
19,4434.2
27,4434.3
29,4434.7
11,4434.8
5,4434.9
2,4435.5
28,4436.8
19,4439.8
27,4441.0
11,4442.0
5,4443.2
13,4444.9
14,4445.7
2,4445.7
19,4449.6
21,4452.2
27,4455.2
19,4463.1
13,4463.3
14,4463.7
6,4463.9
21,4464.0
19,4473.8
27,4475.6
11,4476.3
5,4476.5
2,4477.7
13,4478.2
28,4479.8
14,4481.2
19,4482.5
27,4484.6
21,4484.6
11,4485.2
0,4486.5
26,4486.9
24,4487.0
19,4488.1
27,4490.8
11,4491.7
19,4494.4
0,4494.7
26,4495.6
24,4496.1
27,4499.5
19,4500.7
13,4501.2
14,4501.5
21,4501.7
6,4502.3
11,4503.0
19,4507.3
27,4508.5
5,4509.9
11,4510.7
2,4511.0
28,4512.6
24,4514.2
19,4514.7
13,4515.4
16,4516.6
14,4519.4
24,4521.2
27,4522.6
16,4526.1
24,4526.7
19,4527.0
11,4527.4
0,4529.5
27,4529.6
26,4530.0
24,4534.6
19,4538.4
11,4541.0
27,4541.9
19,4542.6
14,4542.6
13,4542.7
21,4543.1
6,4543.7
5,4544.6
2,4545.3
28,4547.7
19,4548.9
11,4550.6
27,4552.5
14,4557.6
19,4559.7
13,4560.2
27,4561.3
11,4561.6
24,4562.3
0,4562.6
26,4562.9
16,4567.9
24,4568.6
19,4569.4
27,4574.8
11,4578.1
19,4580.2
5,4581.9
27,4582.1
2,4582.6
28,4584.8
24,4586.6
19,4588.6
11,4589.3
13,4590.3
14,4590.3
21,4590.9
6,4591.3
19,4594.4
27,4595.0
0,4597.2
26,4597.3
11,4597.3
24,4598.4
19,4601.5
0,4602.4
8,4602.6
1,4603.4
24,4604.2
27,4604.7
16,4605.4
0,4608.4
14,4610.1
8,4613.5
24,4616.4
1,4618.9
19,4619.3
11,4619.9
27,4619.9
0,4621.9
5,4622.0
2,4622.5
28,4624.1
19,4630.0
27,4631.3
11,4632.0
0,4634.0
24,4634.5
26,4634.7
19,4638.1
27,4640.5
0,4643.1
24,4643.9
11,4644.0
8,4646.7
16,4646.9
1,4648.0
13,4651.3
23,4652.4
24,4654.0
29,4654.0
0,4656.6
13,4657.5
23,4660.2
19,4665.1
27,4665.1
11,4665.8
29,4666.9
5,4667.0
2,4667.5
13,4667.8
28,4669.2
19,4672.2
27,4672.6
11,4673.4
0,4674.0
24,4674.8
26,4674.9
8,4680.0
27,4680.5
0,4680.7
19,4681.1
1,4681.9
25,4682.7
9,4685.2
11,4686.2
27,4686.3
8,4687.8
5,4690.2
18,4690.5
21,4690.6
25,4691.0
4,4691.2
24,4691.3
9,4691.3
10,4691.6
28,4692.0
20,4692.4
13,4692.4
23,4694.2
16,4694.7
29,4696.0
27,4696.7
5,4698.5
21,4699.2
18,4699.5
9,4699.6
4,4700.8
25,4701.1
10,4702.2
24,4702.5
8,4702.5
28,4702.9
20,4703.4
27,4704.0
5,4706.2
9,4706.5
21,4707.6
13,4707.9
18,4709.4
0,4712.6
8,4713.7
4,4716.6
1,4717.2
27,4718.0
19,4719.1
0,4719.3
25,4719.7
11,4720.0
24,4720.7
26,4721.0
13,4725.1
23,4726.5
27,4728.8
29,4728.9
0,4734.0
19,4739.0
13,4741.7
9,4741.9
25,4742.2
27,4742.3
5,4742.9
18,4743.0
21,4743.2
4,4743.3
8,4744.7
10,4744.7
28,4745.3
20,4745.7
0,4750.7
9,4750.8
8,4753.4
1,4755.2
27,4757.6
5,4758.0
13,4759.0
23,4760.8
25,4760.8
29,4763.0
13,4774.1
0,4778.5
5,4781.6
18,4781.7
9,4781.7
21,4781.9
4,4782.4
25,4783.3
10,4783.5
27,4783.6
20,4784.3
28,4784.4
8,4785.9
9,4790.9
0,4792.8
8,4795.0
13,4795.5
1,4796.7
23,4797.2
29,4799.4
5,4808.2
27,4810.1
13,4813.1
5,4824.0
18,4824.0
21,4824.2
4,4824.7
9,4825.1
10,4825.8
20,4826.0
28,4826.7
25,4829.4
27,4830.1
8,4831.8
9,4832.8
13,4834.6
23,4836.2
29,4837.9
5,4838.6
0,4840.4
8,4841.3
1,4844.6
5,4846.4
13,4848.4
25,4849.2
5,4873.4
18,4873.8
21,4874.1
4,4874.6
9,4875.0
10,4875.6
20,4875.7
28,4876.0
13,4877.7
23,4878.9
29,4881.5
5,4888.1
5,4897.1
13,4898.1
13,4930.9
23,4932.5
29,4934.8
5,4938.6
25,4942.2
25,4949.3
25,4986.4
5,4987.2
25,5020.9
25,5057.1
19,5069.5
27,5069.6
11,5070.1
0,5070.2
26,5070.6
24,5071.0
27,5076.3
19,5076.4
11,5077.4
0,5078.3
26,5079.5
24,5080.5
27,5088.7
25,5096.5
19,5101.5
27,5112.2
19,5112.7
11,5112.9
26,5113.3
0,5113.3
24,5114.1
25,5139.8
27,5145.6
19,5145.7
11,5146.4
0,5146.7
26,5147.2
24,5147.9
27,5161.0
19,5180.0
27,5180.2
0,5180.7
11,5181.2
26,5181.5
24,5182.2
25,5194.0
27,5196.8
27,5217.6
19,5217.7
11,5218.5
0,5218.7
26,5219.2
24,5219.9
19,5258.2
27,5258.2
11,5259.0
0,5259.3
26,5259.7
24,5260.5
19,5298.1
27,5298.1
11,5298.7
0,5298.7
26,5299.1
24,5299.6
27,5304.8
19,5304.9
11,5305.7
0,5306.5
26,5307.9
24,5309.2
27,5319.2
19,5324.6
18,5325.4
9,5325.8
10,5327.1
17,5327.3
18,5331.8
9,5332.7
10,5336.3
17,5337.3
27,5337.8
19,5338.0
11,5338.4
0,5338.6
26,5338.8
24,5340.0
18,5343.0
18,5368.8
27,5369.0
19,5369.1
9,5369.2
11,5369.6
0,5369.9
24,5370.5
26,5370.5
17,5371.2
10,5371.3
18,5388.6
2,5396.8
11,5397.1
27,5401.2
19,5401.3
11,5402.1
0,5402.3
26,5402.8
18,5403.0
9,5403.3
24,5403.4
2,5403.6
10,5405.3
17,5405.6
11,5408.7
2,5414.6
27,5421.4
18,5424.5
11,5435.1
27,5435.3
19,5435.4
0,5435.7
26,5436.9
24,5437.3
18,5438.7
9,5439.1
17,5440.6
10,5440.7
11,5443.0
2,5443.4
19,5443.4
13,5444.0
14,5444.1
21,5444.7
6,5444.7
19,5449.3
14,5449.9
13,5450.4
21,5451.6
6,5452.4
11,5456.3
18,5457.3
19,5459.3
14,5461.7
13,5466.9
19,5471.1
27,5471.7
11,5471.9
0,5472.7
26,5473.4
24,5474.0
18,5477.3
9,5477.6
11,5479.3
2,5479.3
10,5479.3
17,5479.8
19,5482.1
13,5483.5
14,5483.6
21,5484.3
6,5484.4
19,5492.4
11,5492.9
18,5496.0
17,5497.8
10,5498.2
13,5500.4
14,5501.1
18,5502.7
2,5505.0
17,5505.7
10,5506.8
19,5510.5
27,5511.2
11,5511.4
18,5512.0
0,5512.2
26,5512.8
24,5513.5
14,5515.6
13,5515.7
19,5516.0
21,5516.3
6,5516.4
2,5517.8
11,5518.1
18,5519.4
17,5519.5
9,5519.7
10,5519.9
19,5526.6
18,5531.3
14,5532.6
11,5533.0
18,5542.5
17,5543.0
10,5543.2
13,5548.2
19,5548.4
14,5548.5
21,5548.9
6,5549.2
19,5554.2
27,5554.6
11,5555.0
18,5555.5
0,5555.8
26,5556.4
24,5556.6
2,5559.3
14,5561.0
11,5561.1
19,5564.4
13,5567.8
18,5568.8
9,5569.6
17,5570.1
10,5570.3
11,5576.1
18,5576.5
17,5578.5
10,5578.9
2,5580.2
19,5583.3
14,5583.3
13,5583.6
21,5583.9
6,5584.3
18,5585.1
26,5587.6
8,5587.6
27,5588.6
8,5594.4
26,5594.4
27,5596.6
14,5599.5
19,5602.2
26,5604.0
8,5604.3
11,5607.8
2,5608.2
27,5608.7
19,5610.8
0,5611.3
26,5611.9
24,5612.5
18,5614.8
11,5614.8
17,5616.1
10,5616.6
19,5619.9
27,5620.5
14,5620.8
13,5621.0
21,5621.6
6,5621.6
19,5631.2
18,5632.7
26,5634.4
8,5635.1
27,5636.0
14,5638.3
26,5646.0
21,5646.6
27,5646.7
28,5647.0
0,5647.1
22,5649.0
30,5649.0
5,5649.9
15,5649.9
6,5650.2
8,5650.7
0,5654.0
28,5654.2
21,5654.2
27,5655.1
30,5655.2
18,5655.2
17,5656.4
10,5656.8
5,5657.6
15,5657.9
6,5658.8
22,5659.7
21,5660.7
14,5661.5
19,5661.5
13,5661.8
0,5663.4
30,5664.7
28,5664.8
6,5667.0
21,5670.5
27,5670.5
8,5671.5
26,5671.6
18,5676.3
14,5677.1
19,5682.3
27,5684.0
8,5684.5
26,5685.6
30,5693.3
5,5694.2
6,5694.4
15,5694.4
21,5694.7
28,5695.0
0,5695.1
27,5696.6
22,5697.9
18,5700.8
17,5702.0
10,5702.4
21,5706.5
6,5707.4
14,5707.4
19,5707.9
13,5708.0
30,5709.1
8,5710.6
26,5710.8
27,5711.1
0,5713.2
21,5718.5
14,5722.4
8,5724.3
26,5725.4
6,5726.5
30,5727.7
15,5728.5
5,5728.6
27,5730.6
21,5731.2
0,5731.3
28,5731.4
22,5734.0
30,5740.3
0,5746.6
21,5753.7
8,5754.0
26,5754.1
27,5754.4
30,5764.0
5,5765.0
15,5765.1
6,5766.1
8,5768.8
26,5769.1
28,5770.0
27,5770.2
0,5770.8
21,5770.9
22,5773.9
30,5779.6
0,5784.6
28,5785.8
8,5787.9
1,5789.3
0,5790.8
8,5797.5
0,5799.7
30,5803.0
5,5804.0
15,5804.2
1,5805.0
6,5805.2
8,5807.2
26,5807.7
27,5809.0
0,5813.3
28,5813.9
21,5814.2
30,5816.6
27,5816.7
22,5817.0
8,5818.9
26,5824.1
0,5824.9
8,5830.4
0,5832.8
1,5833.3
30,5846.1
5,5846.7
15,5847.3
6,5848.6
30,5861.7
0,5862.8
8,5864.4
1,5867.0
28,5867.2
21,5867.7
0,5868.0
27,5869.5
22,5870.5
0,5878.3
0,5897.7
30,5899.4
8,5899.9
28,5900.2
5,5900.4
15,5900.6
1,5901.5
6,5902.1
30,5911.9
0,5924.4
0,5935.8
8,5937.4
1,5938.2
0,5976.4
8,5978.7
1,5980.0
21,6010.2
30,6010.3
14,6011.1
19,6011.3
23,6012.4
21,6019.8
30,6021.3
0,6022.9
14,6023.9
19,6024.9
8,6025.2
1,6026.6
23,6027.2
21,6027.5
30,6031.0
21,6067.0
30,6067.1
14,6068.0
19,6068.4
23,6069.9
21,6107.4
30,6107.5
14,6108.4
19,6108.7
23,6110.5
21,6152.7
30,6152.8
14,6153.5
19,6153.9
23,6156.0
2,6220.7
17,6222.3
18,6222.5
24,6222.6
2,6227.5
24,6231.4
17,6232.6
18,6233.9
2,6264.1
18,6266.5
24,6266.5
17,6266.6
2,6298.2
17,6299.9
24,6300.7
18,6301.2
2,6334.0
24,6336.1
17,6336.2
18,6337.1
2,6372.5
24,6374.8
17,6374.9
18,6375.8
2,6414.7
24,6417.1
17,6417.4
18,6418.2
2,6464.9
24,6467.1
17,6467.3
18,6468.3
5,6470.3
21,6470.6
3,6471.7
5,6477.7
21,6478.4
3,6481.0
5,6494.7
5,6516.1
3,6516.8
21,6517.3
12,6518.5
20,6519.0
29,6519.2
30,6519.4
5,6521.7
3,6522.4
12,6525.6
20,6526.5
29,6526.8
30,6527.3
5,6528.4
3,6528.7
30,6533.4
21,6533.6
12,6534.3
14,6535.2
19,6535.3
23,6536.5
20,6538.1
29,6540.3
30,6540.7
21,6541.7
5,6544.4
3,6546.2
14,6546.3
19,6547.0
30,6548.2
21,6548.8
23,6549.2
5,6553.2
21,6555.6
3,6556.4
5,6566.3
30,6566.6
3,6567.1
12,6567.2
20,6567.6
29,6567.8
0,6573.2
8,6575.0
1,6575.6
5,6577.8
19,6579.2
27,6579.4
11,6579.9
0,6580.2
2,6580.5
28,6581.7
30,6583.5
3,6583.9
12,6584.4
19,6584.5
5,6584.8
27,6586.2
21,6586.7
8,6587.1
11,6587.2
14,6587.7
1,6590.1
2,6590.3
5,6590.4
23,6590.8
19,6590.9
21,6593.2
30,6593.9
3,6593.9
5,6600.9
3,6603.8
12,6603.9
29,6604.3
20,6604.5
30,6604.5
5,6609.6
21,6612.4
0,6615.4
3,6616.2
12,6617.6
8,6618.1
19,6619.2
1,6619.3
5,6620.6
27,6620.8
11,6621.5
30,6621.9
2,6622.1
28,6624.7
19,6625.3
21,6625.4
14,6626.3
23,6629.0
5,6630.4
21,6631.7
3,6632.6
30,6632.8
19,6638.3
5,6641.1
21,6642.9
20,6643.0
12,6643.0
3,6643.2
30,6644.2
29,6644.3
11,6644.8
4,6646.3
10,6646.8
0,6648.6
20,6648.9
12,6649.0
21,6649.1
5,6650.4
11,6651.3
8,6651.5
1,6652.1
19,6653.8
27,6653.9
2,6655.1
4,6655.4
3,6656.0
21,6657.1
20,6657.2
28,6657.8
10,6657.9
11,6658.1
12,6658.1
5,6659.5
30,6664.9
19,6665.2
21,6666.0
14,6667.7
23,6670.0
21,6676.7
5,6678.9
30,6680.5
3,6681.0
0,6683.3
19,6684.1
18,6684.4
9,6684.9
8,6685.7
10,6685.8
17,6685.8
5,6686.0
21,6686.1
11,6687.0
1,6687.1
12,6687.4
20,6687.5
3,6688.1
27,6688.2
29,6688.4
2,6689.2
30,6689.3
18,6690.8
10,6691.3
9,6691.6
4,6691.8
5,6692.1
19,6692.1
28,6692.2
21,6693.4
11,6693.6
25,6693.8
12,6694.1
20,6694.7
17,6695.1
25,6700.7
10,6702.0
3,6702.1
18,6702.5
5,6705.5
29,6709.0
21,6713.5
30,6714.1
19,6714.4
9,6714.7
14,6715.6
23,6718.0
0,6720.4
11,6722.2
8,6722.9
21,6723.2
1,6723.4
19,6724.0
27,6724.8
5,6725.5
10,6725.8
2,6726.5
20,6726.7
12,6726.8
4,6727.1
18,6727.8
11,6728.3
9,6728.4
28,6728.8
17,6730.2
21,6732.4
10,6735.5
30,6735.5
19,6735.7
25,6738.0
21,6741.9
0,6742.1
27,6742.1
28,6742.3
11,6742.4
22,6744.8
21,6748.7
0,6748.7
28,6748.8
27,6749.7
25,6751.2
9,6753.4
8,6754.0
27,6754.9
22,6755.2
0,6757.0
25,6757.7
28,6757.9
21,6758.5
9,6760.8
8,6761.2
10,6761.2
18,6761.8
11,6761.9
27,6762.2
1,6763.3
17,6763.6
20,6764.3
4,6764.4
0,6764.5
19,6764.5
12,6765.5
5,6765.5
21,6766.0
2,6766.4
28,6767.4
27,6768.8
11,6768.9
25,6769.2
9,6769.7
10,6771.1
8,6771.4
25,6774.8
27,6776.4
19,6780.1
9,6782.5
25,6787.0
21,6787.9
0,6789.0
27,6789.2
28,6789.2
18,6791.4
22,6792.7
9,6797.7
10,6799.1
18,6799.2
21,6799.5
17,6799.9
0,6801.4
11,6802.7
20,6804.5
4,6804.7
28,6805.7
12,6806.1
8,6807.3
27,6807.3
21,6808.1
25,6808.3
10,6808.4
19,6809.0
1,6809.1
11,6809.2
0,6809.7
5,6810.1
2,6810.4
9,6811.8
27,6812.4
25,6814.2
8,6816.4
27,6822.0
11,6822.8
28,6823.2
21,6824.8
0,6825.0
25,6827.8
22,6828.6
27,6831.5
13,6831.7
23,6832.5
28,6832.7
29,6833.8
9,6834.5
19,6835.0
18,6836.1
0,6837.0
21,6837.6
10,6837.7
17,6837.9
13,6838.1
23,6840.1
29,6844.4
25,6847.3
21,6847.9
11,6848.2
9,6848.3
10,6848.6
13,6849.7
4,6849.8
20,6849.8
12,6851.2
27,6852.8
25,6852.9
8,6855.6
21,6857.6
18,6857.7
9,6858.6
5,6859.4
15,6859.9
6,6859.9
29,6860.4
21,6862.1
25,6862.4
27,6863.4
28,6864.0
0,6864.2
18,6865.4
21,6866.6
5,6867.1
22,6867.6
6,6868.0
15,6868.3
29,6869.2
21,6872.7
18,6874.9
13,6875.2
23,6876.5
29,6877.1
9,6877.7
0,6878.3
10,6879.6
28,6880.3
5,6880.3
17,6880.5
27,6881.3
18,6882.1
21,6886.0
6,6886.7
25,6890.7
13,6892.1
9,6895.6
25,6898.1
27,6899.3
8,6902.1
21,6905.0
28,6906.4
0,6906.5
27,6906.7
18,6907.4
9,6907.6
25,6907.7
5,6908.0
29,6908.1
6,6908.5
15,6908.9
13,6909.7
22,6909.7
21,6910.5
23,6911.1
29,6918.1
0,6921.7
21,6921.8
27,6925.0
5,6925.0
18,6925.4
9,6927.0
10,6928.7
13,6929.2
17,6929.9
28,6932.2
18,6936.1
21,6943.6
29,6944.5
25,6944.7
5,6944.8
18,6945.0
6,6945.4
15,6945.4
13,6945.6
23,6946.7
9,6947.2
21,6953.9
29,6954.7
28,6956.2
0,6956.5
27,6958.2
22,6959.9
13,6962.6
21,6962.9
28,6973.7
0,6974.0
21,6982.9
29,6983.6
13,6984.3
18,6984.3
5,6984.4
6,6984.9
15,6985.2
23,6985.7
29,6994.0
21,6994.6
13,7006.4
21,7010.3
14,7010.5
6,7010.7
19,7010.7
13,7012.5
14,7016.3
21,7016.5
19,7017.3
6,7018.0
13,7019.5
21,7025.6
13,7026.1
29,7027.0
6,7027.3
14,7027.6
23,7028.1
18,7028.4
5,7028.4
15,7029.2
19,7032.2
21,7033.1
13,7035.6
29,7037.9
6,7042.4
21,7049.4
13,7049.8
14,7050.2
19,7050.5
6,7051.7
21,7062.0
13,7064.7
14,7065.4
13,7077.7
23,7079.3
29,7081.0
14,7082.3
21,7082.4
19,7082.4
6,7082.9
13,7082.9
18,7087.2
5,7087.2
21,7087.9
15,7088.0
29,7089.5
6,7089.7
13,7092.9
21,7098.5
19,7099.2
14,7099.4
13,7115.3
14,7115.5
21,7115.5
6,7115.6
19,7115.8
0,7131.0
8,7132.6
14,7132.8
1,7133.4
21,7133.4
13,7134.2
0,7137.7
18,7138.8
9,7139.4
10,7140.7
17,7140.9
8,7144.6
18,7144.9
1,7145.1
9,7146.2
19,7149.2
10,7149.9
14,7150.6
13,7150.6
6,7150.6
21,7150.9
17,7150.9
18,7152.7
9,7153.9
20,7155.9
17,7158.1
18,7158.4
0,7159.2
9,7161.4
19,7161.7
20,7163.9
18,7165.1
14,7165.9
13,7167.2
17,7167.8
0,7171.7
21,7173.4
8,7174.4
1,7175.6
9,7177.5
18,7178.3
17,7181.2
10,7182.2
9,7187.4
18,7187.9
13,7188.2
14,7188.3
19,7188.5
21,7188.8
6,7188.9
18,7199.8
9,7200.3
17,7200.9
20,7201.5
14,7202.4
13,7202.8
0,7204.4
8,7207.2
1,7207.7
18,7210.6
9,7211.4
17,7213.1
10,7214.4
18,7219.3
9,7223.4
14,7229.3
13,7229.3
19,7229.6
21,7229.7
6,7230.1
18,7235.0
17,7236.3
9,7236.7
20,7237.3
0,7238.5
8,7240.8
1,7242.1
18,7244.5
9,7245.8
14,7246.8
17,7247.0
10,7248.0
18,7253.2
9,7259.1
2,7268.9
18,7269.2
17,7269.3
24,7270.8
9,7274.2
18,7274.2
0,7274.6
20,7274.6
17,7274.9
2,7275.7
14,7276.0
13,7276.1
19,7276.2
8,7276.5
6,7276.5
21,7276.6
1,7277.1
24,7280.0
18,7280.2
2,7280.8
17,7281.7
11,7281.8
9,7281.9
26,7282.9
8,7282.9
10,7284.0
27,7284.2
2,7286.7
18,7286.9
11,7289.3
8,7289.3
26,7289.4
27,7290.4
19,7290.8
0,7291.6
24,7292.9
17,7292.9
9,7293.9
26,7294.2
2,7294.4
11,7294.6
27,7295.3
14,7295.6
13,7296.1
19,7297.2
8,7297.5
0,7298.9
26,7299.9
27,7301.0
11,7301.1
24,7301.5
19,7306.4
18,7307.2
2,7310.8
17,7311.5
0,7311.5
18,7312.7
24,7312.8
8,7313.3
26,7313.6
9,7314.4
20,7314.8
27,7315.2
25,7315.9
1,7316.0
17,7318.9
18,7318.9
9,7321.2
10,7322.8
25,7323.2
0,7323.3
2,7324.5
18,7326.0
11,7326.2
17,7328.1
8,7329.6
26,7330.3
27,7331.5
2,7332.7
11,7335.0
19,7335.4
9,7335.7
0,7336.4
26,7336.4
24,7336.5
27,7337.4
8,7341.0
25,7343.8
2,7344.5
18,7345.1
17,7346.4
11,7346.4
24,7346.5
26,7349.8
19,7350.8
27,7351.6
0,7355.0
8,7356.6
2,7357.3
18,7358.0
25,7359.0
17,7359.1
1,7359.5
9,7360.4
20,7360.9
18,7363.1
11,7363.9
2,7364.3
10,7365.6
8,7366.2
17,7366.3
26,7366.7
27,7367.6
9,7367.6
0,7368.5
19,7370.2
11,7370.7
18,7370.8
24,7371.4
26,7372.9
27,7374.0
8,7376.3
2,7378.6
17,7380.5
18,7381.6
24,7382.0
0,7382.1
11,7383.9
2,7388.7
19,7389.6
26,7391.4
25,7392.3
27,7397.6
2,7401.2
11,7402.3
26,7404.8
8,7405.1
27,7405.2
0,7405.6
19,7406.6
24,7406.7
11,7408.1
1,7410.4
26,7411.2
27,7412.1
8,7412.2
0,7412.6
18,7412.7
2,7414.1
9,7414.5
17,7415.4
10,7416.5
18,7419.1
24,7419.6
2,7421.4
11,7422.7
17,7424.1
25,7427.4
19,7428.1
18,7431.8
26,7439.1
2,7442.8
11,7443.4
27,7445.5
19,7445.8
8,7445.9
0,7446.4
24,7446.9
26,7447.2
11,7450.2
27,7451.8
26,7454.3
8,7454.4
2,7455.3
24,7461.6
17,7462.5
2,7462.5
12,7462.8
18,7462.8
20,7463.0
30,7463.1
29,7463.1
3,7463.2
5,7463.7
25,7464.2
20,7469.4
12,7469.4
27,7470.2
11,7470.4
29,7470.6
3,7470.7
30,7470.9
21,7471.7
5,7472.0
4,7472.7
10,7472.9
26,7473.4
20,7474.4
12,7474.6
11,7477.6
21,7478.7
20,7480.8
4,7481.8
12,7481.9
29,7483.0
10,7483.3
3,7483.4
30,7485.8
19,7486.6
21,7487.1
11,7487.4
13,7487.6
14,7487.8
6,7488.5
27,7488.8
26,7489.7
0,7489.8
24,7490.1
19,7491.1
2,7491.5
11,7492.5
21,7493.0
14,7493.5
13,7493.7
6,7495.5
20,7496.9
19,7497.4
26,7501.0
27,7501.3
11,7501.7
8,7501.9
21,7503.8
2,7504.5
14,7505.3
25,7505.7
13,7507.9
24,7509.6
12,7510.0
26,7510.1
17,7510.4
20,7510.7
18,7510.7
3,7511.0
29,7511.1
30,7511.7
2,7511.9
5,7511.9
8,7513.6
27,7513.9
19,7514.0
11,7515.3
21,7515.9
12,7516.5
20,7517.0
4,7517.3
10,7518.4
14,7521.1
13,7521.7
21,7521.9
6,7521.9
19,7522.5
11,7526.2
27,7527.0
26,7527.1
24,7527.4
19,7527.6
0,7527.8
11,7532.5
14,7533.0
19,7533.3
27,7533.3
20,7533.8
21,7534.2
26,7534.7
24,7534.9
12,7535.4
0,7535.5
11,7541.8
19,7543.6
27,7544.4
20,7547.2
12,7547.2
3,7547.5
29,7547.7
30,7547.9
5,7548.2
21,7550.1
11,7550.5
25,7552.1
4,7552.3
14,7552.5
13,7552.7
19,7552.8
10,7553.0
6,7553.1
20,7554.1
12,7554.4
21,7556.5
19,7564.7
14,7565.1
11,7565.3
27,7566.7
26,7567.3
0,7567.5
24,7568.4
19,7574.6
11,7577.0
21,7583.0
14,7583.8
19,7583.9
13,7583.9
6,7584.5
20,7585.0
12,7585.2
3,7586.4
27,7586.7
29,7586.8
11,7586.8
5,7587.2
30,7587.2
4,7587.8
21,7588.7
10,7589.6
20,7591.8
12,7592.5
19,7595.5
11,7597.1
14,7597.1
27,7598.4
0,7599.1
26,7599.2
24,7600.1
21,7602.2
19,7604.0
11,7608.3
19,7616.6
14,7616.8
13,7617.2
21,7617.6
6,7617.7
21,7625.4
11,7626.0
20,7626.8
12,7627.0
19,7627.7
4,7628.0
10,7628.7
14,7629.6
5,7629.9
3,7629.9
29,7630.0
27,7630.1
30,7630.4
0,7630.9
26,7631.4
11,7632.0
24,7632.5
20,7633.7
12,7634.1
19,7636.5
21,7637.8
11,7646.4
19,7651.8
14,7652.0
13,7652.2
21,7652.6
27,7652.9
6,7653.0
19,7662.5
11,7665.0
27,7665.0
14,7665.2
0,7665.7
26,7665.8
24,7666.9
21,7667.2
13,7668.4
11,7668.9
29,7669.9
20,7671.2
22,7671.5
1,7671.6
21,7671.6
4,7671.7
19,7672.4
10,7672.5
12,7672.5
11,7673.6
13,7675.3
21,7678.0
29,7678.9
5,7681.2
14,7681.2
11,7681.3
20,7681.8
12,7682.0
7,7682.4
3,7682.8
28,7683.2
30,7683.4
29,7684.1
13,7685.0
21,7685.3
1,7686.3
22,7686.3
14,7687.0
5,7687.7
11,7687.8
19,7689.2
7,7690.0
21,7690.2
13,7690.2
6,7690.6
29,7691.3
14,7691.6
28,7691.9
20,7693.4
12,7693.8
19,7699.0
21,7699.2
11,7699.5
13,7699.7
14,7699.8
5,7700.0
27,7700.9
0,7702.3
26,7702.3
24,7702.9
19,7708.0
0,7708.8
11,7709.5
8,7710.4
1,7710.6
0,7715.0
8,7721.1
1,7722.1
11,7724.7
21,7724.8
14,7725.1
7,7726.4
13,7726.9
0,7727.0
29,7727.2
28,7727.2
20,7727.7
5,7728.0
4,7728.1
10,7728.9
12,7729.0
21,7729.2
22,7729.8
14,7730.3
19,7730.6
11,7730.9
6,7731.7
1,7732.0
13,7732.6
21,7734.9
14,7738.4
19,7739.1
11,7739.4
27,7740.8
0,7741.2
26,7742.2
24,7742.5
13,7744.7
21,7747.3
19,7748.8
11,7749.1
0,7749.2
1,7752.2
8,7752.2
14,7759.0
7,7760.8
28,7761.7
5,7762.0
0,7763.0
30,7764.6
15,7765.5
6,7766.2
11,7767.3
21,7767.6
13,7767.7
29,7768.0
5,7768.2
1,7769.1
14,7769.5
22,7770.6
30,7770.8
15,7773.5
6,7774.9
13,7776.2
21,7776.2
5,7776.2
14,7777.3
19,7777.6
30,7780.0
11,7780.2
0,7781.9
1,7783.7
6,7783.8
19,7783.9
8,7784.9
27,7784.9
21,7786.0
13,7786.2
26,7786.3
24,7787.1
11,7788.0
14,7788.7
0,7788.8
19,7793.9
14,7796.1
7,7796.7
5,7796.9
28,7797.4
27,7806.6
14,7808.5
5,7808.5
30,7808.7
15,7809.9
6,7810.8
11,7813.1
13,7813.4
21,7813.4
29,7813.5
1,7814.4
0,7815.9
22,7816.4
8,7818.6
30,7822.2
11,7826.7
1,7826.8
21,7828.0
13,7830.8
5,7832.5
14,7834.1
7,7835.4
29,7835.6
28,7836.3
5,7842.4
30,7843.2
15,7844.4
6,7845.7
14,7848.3
0,7849.3
19,7849.9
27,7850.1
11,7850.2
26,7851.7
24,7852.2
8,7854.4
1,7854.9
0,7856.2
5,7857.0
30,7857.3
11,7876.2
14,7877.1
5,7877.6
7,7878.1
28,7878.8
30,7879.4
15,7880.2
6,7882.2
5,7886.3
0,7890.9
8,7893.1
30,7893.1
14,7893.4
1,7893.7
5,7903.2
30,7903.2
15,7903.3
6,7904.5
30,7909.2
5,7910.4
15,7910.8
6,7914.7
30,7919.2
14,7928.1
5,7928.3
7,7929.1
28,7930.3
0,7933.8
8,7936.0
1,7937.1
5,7940.2
30,7940.6
15,7941.6
14,7942.5
6,7943.4
30,7953.6
5,7965.0
30,7970.7
15,7971.9
6,7973.0
5,7973.9
30,7982.5
0,7985.1
8,7987.6
1,7988.3
30,8002.2
5,8002.8
15,8003.4
6,8005.1
30,8016.8
30,8035.1
5,8035.5
15,8036.2
6,8038.1
30,8049.6
25,8066.5
27,8067.0
8,8068.4
9,8069.1
30,8070.2
5,8070.6
15,8071.4
6,8072.0
25,8074.8
27,8076.6
25,8084.8
8,8085.4
9,8085.7
27,8085.7
30,8085.8
25,8101.0
30,8107.4
5,8108.2
15,8108.6
6,8110.3
28,8119.0
0,8119.1
21,8119.3
27,8119.7
22,8121.0
30,8121.4
27,8125.4
25,8125.9
0,8126.1
28,8126.1
21,8127.0
8,8129.1
9,8129.3
22,8131.6
27,8132.7
0,8135.7
28,8136.9
21,8147.1
30,8148.0
5,8148.6
15,8149.3
6,8151.0
30,8162.8
27,8165.4
25,8166.5
0,8166.8
28,8166.9
21,8167.4
8,8169.5
9,8170.0
22,8170.2
27,8172.9
0,8182.8
25,8190.1
30,8194.0
5,8195.0
15,8195.2
6,8197.1
28,8203.1
0,8203.4
21,8203.7
27,8204.3
30,8206.5
22,8206.6
25,8212.5
27,8212.6
8,8215.2
9,8215.9
0,8218.6
28,8224.8
27,8226.3
28,8242.2
0,8242.4
21,8242.8
27,8243.9
22,8245.2
0,8259.5
28,8285.1
0,8285.3
21,8285.7
27,8287.3
22,8288.6
18,8293.6
17,8294.2
10,8294.9
18,8300.4
0,8302.2
17,8302.2
28,8302.2
10,8304.3
18,8315.5
21,8329.7
13,8329.8
11,8329.9
29,8329.9
22,8331.2
1,8331.4
21,8335.6
28,8337.4
0,8337.7
13,8338.6
22,8338.9
11,8339.1
18,8339.1
27,8339.2
17,8339.8
29,8340.1
10,8341.1
21,8342.4
1,8345.3
13,8346.2
11,8346.6
22,8347.0
29,8348.5
21,8349.7
28,8357.2
0,8359.4
18,8373.9
17,8375.2
10,8376.3
21,8384.1
13,8385.0
29,8385.3
11,8385.3
5,8386.8
22,8386.9
1,8387.2
3,8388.3
21,8389.1
5,8394.0
21,8395.3
3,8396.9
5,8409.2
21,8409.4
18,8411.3
17,8412.4
10,8412.7
11,8424.1
21,8424.3
13,8424.6
29,8424.7
1,8426.6
22,8426.7
27,8428.2
19,8428.4
0,8428.8
11,8429.1
26,8429.2
24,8429.8
21,8431.8
5,8433.0
3,8434.5
27,8434.8
11,8434.9
19,8435.3
0,8436.5
26,8437.4
24,8439.3
21,8442.3
11,8445.6
27,8448.4
18,8451.5
17,8452.1
10,8453.4
21,8466.4
11,8467.7
13,8467.9
29,8468.2
5,8468.6
22,8470.1
1,8470.3
3,8470.7
27,8471.6
19,8471.8
0,8472.5
21,8472.6
26,8472.7
11,8473.5
24,8474.2
11,8487.2
21,8487.4
27,8488.9
18,8494.0
5,8494.4
10,8494.7
21,8495.0
4,8495.4
9,8495.9
28,8496.7
20,8496.7
17,8498.2
18,8498.8
10,8501.6
5,8502.1
21,8502.3
4,8504.0
18,8504.4
27,8505.2
9,8505.2
19,8505.4
11,8505.4
28,8506.0
5,8506.0
0,8506.5
26,8506.9
20,8506.9
21,8507.0
24,8508.1
3,8508.4
2,8509.6
27,8509.9
10,8510.1
19,8510.2
5,8510.5
11,8510.5
28,8513.0
18,8514.1
21,8515.4
27,8515.7
19,8516.0
5,8516.4
11,8516.7
4,8518.0
2,8520.1
21,8522.4
11,8522.4
29,8522.7
13,8522.7
1,8524.6
22,8525.0
28,8526.9
11,8527.3
2,8527.6
27,8527.7
5,8528.7
19,8529.7
11,8533.2
21,8533.5
2,8534.1
11,8539.3
27,8540.7
19,8541.1
0,8542.1
26,8542.7
24,8543.7
2,8544.1
5,8544.9
21,8544.9
18,8545.7
11,8546.3
4,8546.7
28,8547.3
10,8547.5
9,8547.5
27,8548.2
19,8548.8
20,8548.9
5,8549.0
3,8549.5
21,8551.0
2,8552.6
11,8552.7
5,8555.4
27,8557.3
28,8558.3
19,8559.0
18,8562.0
21,8564.0
11,8567.1
5,8569.9
2,8573.6
11,8575.2
27,8578.8
19,8579.0
11,8580.4
0,8580.4
26,8581.1
24,8581.7
2,8582.0
5,8582.2
28,8583.4
18,8584.0
27,8584.4
21,8584.4
19,8584.7
4,8585.1
9,8586.0
10,8586.1
11,8586.3
20,8587.1
5,8588.8
21,8593.1
28,8594.5
5,8594.7
27,8596.2
3,8596.2
19,8597.1
2,8597.2
11,8597.6
18,8599.1
21,8603.8
5,8605.7
11,8609.4
2,8609.6
11,8616.5
27,8616.9
2,8617.0
19,8617.2
5,8617.9
28,8620.0
11,8621.3
0,8621.8
27,8622.4
19,8622.8
26,8623.0
24,8623.6
5,8625.6
21,8626.2
18,8626.3
4,8627.0
9,8628.0
10,8628.1
20,8628.3
28,8629.0
11,8629.3
27,8632.2
2,8633.3
25,8633.9
5,8635.1
19,8635.4
21,8638.3
25,8641.2
18,8644.5
11,8646.4
2,8647.4
11,8653.2
27,8653.5
19,8654.2
2,8654.3
5,8654.3
28,8656.1
11,8662.6
27,8667.4
19,8668.0
11,8670.3
2,8670.7
0,8671.1
26,8671.5
24,8672.7
5,8673.8
18,8675.3
21,8675.3
4,8676.0
27,8676.5
9,8676.8
28,8677.1
10,8677.1
20,8678.0
25,8678.3
5,8678.7
19,8678.8
11,8682.8
5,8686.1
2,8688.7
26,8688.8
8,8689.1
27,8689.4
11,8690.4
21,8691.4
19,8694.0
27,8694.1
5,8694.2
2,8695.1
26,8695.3
28,8695.5
8,8695.8
11,8696.7
27,8699.8
26,8703.9
8,8704.9
5,8709.9
19,8710.4
11,8712.0
27,8712.2
25,8712.8
2,8714.3
5,8733.1
2,8735.8
11,8735.9
27,8736.3
8,8736.5
26,8736.7
19,8739.0
5,8739.5
28,8742.1
11,8742.3
2,8742.6
27,8743.0
25,8748.7
26,8751.9
8,8752.0
5,8755.1
11,8758.2
27,8764.0
8,8773.1
26,8773.2
27,8774.9
5,8775.7
25,8787.6
26,8789.7
8,8789.7
14,8803.4
5,8803.6
7,8804.0
28,8804.1
14,8809.7
7,8811.7
8,8811.8
28,8812.1
26,8812.2
5,8812.3
27,8813.3
14,8823.9
5,8824.1
8,8826.3
19,8828.9
13,8829.0
26,8829.3
6,8829.3
21,8829.4
14,8829.7
25,8830.8
19,8835.1
14,8835.3
13,8835.5
21,8836.1
6,8836.7
5,8838.6
21,8842.9
6,8843.9
14,8844.1
5,8844.5
18,8844.5
15,8845.1
29,8846.0
7,8847.3
28,8847.9
19,8848.9
21,8849.0
5,8850.3
6,8851.3
14,8852.3
18,8852.5
15,8853.5
8,8855.1
26,8855.2
21,8855.4
13,8855.4
29,8855.4
27,8856.1
5,8857.4
6,8862.5
21,8866.3
14,8866.7
19,8867.4
13,8867.5
6,8868.9
8,8870.2
14,8872.3
21,8872.4
19,8873.7
13,8873.8
26,8874.6
6,8876.4
5,8877.6
14,8878.5
7,8881.3
28,8882.0
21,8882.5
25,8883.5
14,8885.7
19,8888.0
5,8890.2
21,8891.5
6,8891.8
13,8892.0
18,8892.9
15,8893.8
29,8894.5
14,8896.1
21,8897.0
6,8897.8
19,8897.8
13,8899.8
5,8900.0
14,8905.9
21,8906.0
8,8907.5
26,8907.9
27,8909.2
6,8910.5
8,8915.1
14,8915.4
25,8915.5
27,8915.9
5,8916.3
7,8916.8
28,8917.2
9,8917.9
8,8923.2
25,8923.3
14,8923.6
27,8923.6
19,8923.8
21,8925.1
13,8925.1
6,8925.3
5,8928.2
26,8928.8
18,8930.0
21,8930.3
15,8930.7
25,8930.8
6,8931.5
27,8931.5
14,8931.5
29,8931.6
9,8931.6
8,8933.1
19,8936.4
5,8940.4
21,8940.9
25,8946.9
6,8950.2
14,8951.4
13,8952.6
21,8952.9
19,8953.0
27,8953.1
7,8954.9
5,8955.0
28,8955.7
14,8956.7
6,8961.8
21,8963.7
14,8963.9
19,8964.2
30,8965.8
23,8967.3
21,8967.5
5,8967.8
18,8969.5
6,8970.2
15,8970.3
14,8970.5
25,8971.3
29,8971.4
27,8972.0
21,8973.2
19,8973.5
8,8973.9
9,8974.7
30,8978.1
14,8980.2
5,8980.2
21,8980.3
6,8981.0
13,8981.0
19,8981.1
25,8984.9
23,8985.0
21,8985.4
14,8985.5
30,8986.4
19,8988.0
14,8993.6
21,8994.1
6,8994.6
7,8996.8
28,8997.1
5,8997.3
13,8998.6
14,9001.4
21,9010.1
25,9010.8
6,9010.8
14,9011.2
19,9011.4
27,9011.5
5,9011.7
13,9012.4
18,9013.1
8,9013.4
15,9013.8
9,9014.6
29,9015.2
21,9015.4
6,9018.0
14,9020.6
19,9022.5
21,9022.7
5,9024.2
25,9024.7
30,9024.9
23,9028.2
14,9028.3
27,9030.1
21,9030.8
19,9036.2
14,9041.9
21,9043.3
6,9043.7
13,9044.0
19,9044.6
5,9045.3
7,9045.4
28,9046.2
14,9047.0
25,9055.3
21,9055.6
27,9056.0
14,9056.0
8,9058.2
9,9058.2
19,9063.8
5,9065.3
21,9065.4
14,9065.5
30,9065.8
6,9067.4
23,9068.8
5,9070.0
21,9070.4
18,9071.3
15,9072.0
25,9072.0
29,9072.6
6,9075.9
14,9076.0
21,9076.4
19,9076.5
13,9077.1
5,9077.4
19,9082.1
27,9082.3
5,9083.4
11,9083.4
21,9084.0
2,9084.1
14,9084.4
28,9084.6
6,9085.3
19,9087.5
27,9088.8
5,9090.2
11,9090.5
2,9093.6
19,9094.6
28,9095.9
13,9099.7
27,9101.2
5,9106.5
19,9110.2
14,9110.7
21,9110.7
30,9112.0
13,9113.8
6,9114.1
23,9115.1
19,9116.0
14,9116.4
21,9116.6
5,9120.6
19,9122.1
27,9122.9
11,9123.7
2,9124.6
28,9125.5
5,9127.6
14,9128.0
21,9128.2
13,9128.2
19,9130.7
14,9151.2
13,9151.3
19,9151.7
27,9152.3
5,9152.4
21,9152.5
6,9152.9
22,9155.4
31,9155.8
13,9155.9
11,9155.9
14,9155.9
23,9156.1
2,9156.7
28,9156.8
19,9157.3
5,9159.3
13,9162.2
14,9162.5
27,9163.4
22,9165.5
31,9166.7
23,9167.5
19,9168.4
5,9169.5
13,9171.0
14,9171.6
21,9171.8
19,9188.1
27,9188.4
5,9188.7
11,9189.1
2,9190.3
28,9190.8
13,9194.1
19,9194.1
14,9194.2
21,9195.4
6,9195.8
5,9201.8
14,9202.3
13,9202.4
19,9202.6
22,9205.7
31,9207.3
23,9208.0
13,9211.2
14,9211.5
5,9215.4
21,9216.4
19,9223.0
27,9223.2
11,9224.3
5,9225.1
2,9225.7
28,9226.1
19,9235.2
27,9240.3
13,9241.7
14,9242.1
22,9244.4
23,9244.9
31,9245.4
19,9245.8
21,9246.3
6,9246.4
13,9247.1
14,9247.5
5,9253.4
13,9258.1
14,9258.3
19,9258.8
5,9261.4
27,9261.7
11,9262.5
2,9263.7
28,9265.0
19,9267.1
5,9278.2
13,9282.7
14,9282.9
22,9285.5
31,9286.5
23,9287.0
13,9298.0
19,9303.0
27,9303.1
11,9303.7
5,9304.2
2,9305.2
28,9306.5
19,9318.8
27,9322.9
13,9329.4
14,9329.8
22,9331.5
31,9333.1
23,9333.7
13,9346.5
27,9350.7
19,9350.8
11,9351.6
5,9352.1
2,9352.7
28,9354.5
19,9368.5
3,9413.8
27,9414.3
16,9415.5
11,9415.6
3,9421.2
27,9421.8
16,9426.0
11,9430.7
3,9456.7
27,9456.8
16,9459.1
11,9459.3
14,9477.7
30,9479.3
15,9479.9
13,9481.4
23,9482.5
29,9483.8
13,9487.6
14,9487.6
3,9490.3
27,9490.3
23,9490.3
30,9491.6
15,9492.5
16,9492.6
11,9492.9
29,9495.8
13,9497.9
14,9498.0
21,9516.6
5,9517.5
15,9517.7
18,9517.7
6,9517.9
29,9518.7
21,9523.7
13,9524.8
3,9524.8
27,9525.0
5,9525.1
29,9525.2
18,9525.7
6,9526.0
23,9526.1
15,9526.1
16,9527.2
11,9527.6
14,9532.2
21,9532.8
15,9533.7
30,9534.9
29,9535.3
5,9539.7
13,9540.3
14,9551.0
19,9551.9
5,9552.0
12,9552.2
14,9558.0
5,9558.7
19,9559.0
13,9559.1
12,9559.6
23,9560.6
29,9561.7
27,9562.4
3,9562.5
21,9563.7
5,9564.0
16,9564.9
18,9565.0
15,9565.0
6,9565.1
11,9565.3
14,9568.3
19,9572.2
29,9572.3
5,9573.1
15,9573.1
30,9574.9
13,9575.8
14,9576.3
21,9578.4
12,9582.2
13,9595.0
23,9596.5
29,9597.0
5,9597.7
14,9598.1
19,9598.9
21,9599.2
12,9599.2
15,9599.9
18,9600.3
6,9601.0
27,9602.4
3,9603.1
5,9603.8
16,9605.1
11,9606.0
29,9606.7
13,9608.1
21,9612.4
14,9613.3
15,9614.6
30,9619.2
5,9620.4
21,9621.9
14,9623.2
13,9623.4
29,9623.4
11,9623.6
3,9623.8
22,9625.2
1,9625.3
21,9625.4
5,9626.7
28,9628.1
0,9628.3
27,9628.8
21,9628.8
29,9630.7
13,9630.8
11,9631.3
22,9631.6
3,9631.9
5,9632.7
21,9633.1
19,9633.2
14,9634.5
23,9634.8
28,9635.3
12,9635.4
0,9635.4
21,9636.5
5,9636.9
29,9637.1
15,9637.2
13,9637.2
27,9637.9
18,9638.7
6,9638.8
22,9640.1
21,9641.4
5,9643.1
0,9645.3
28,9646.2
29,9646.6
3,9647.3
27,9647.8
19,9647.9
11,9648.7
21,9649.8
14,9650.0
16,9651.2
15,9653.8
5,9655.6
13,9661.7
27,9661.8
3,9663.1
21,9668.4
5,9669.0
3,9672.8
14,9673.1
19,9673.4
12,9673.8
5,9674.2
21,9674.9
13,9675.8
0,9675.9
28,9675.9
29,9677.2
27,9677.5
23,9677.5
22,9678.8
5,9679.4
21,9679.5
18,9680.1
15,9680.6
6,9680.8
29,9682.5
13,9682.5
11,9683.4
21,9683.7
1,9686.3
5,9687.7
22,9687.9
21,9690.3
29,9690.3
14,9691.4
13,9691.5
0,9693.4
28,9695.9
11,9700.0
21,9703.0
5,9703.9
3,9706.3
21,9710.6
28,9712.5
0,9712.7
5,9713.5
27,9714.3
22,9714.5
19,9715.5
14,9715.5
12,9716.1
21,9719.0
5,9722.2
13,9723.4
29,9723.6
11,9724.6
21,9724.7
22,9725.7
1,9727.3
23,9727.5
29,9728.5
18,9728.7
5,9728.7
13,9729.0
6,9729.0
15,9729.1
21,9729.9
29,9736.7
0,9737.2
21,9738.8
28,9739.5
5,9740.4
13,9741.2
11,9742.7
3,9744.0
21,9746.0
5,9749.5
28,9751.7
0,9751.8
21,9751.9
27,9753.2
22,9753.3
13,9762.6
21,9763.1
2,9763.6
5,9764.6
14,9765.4
19,9765.4
12,9765.8
13,9769.1
28,9769.9
29,9770.7
21,9770.9
11,9771.0
22,9772.0
1,9773.5
13,9776.9
5,9777.3
21,9781.4
5,9784.9
3,9785.8
29,9789.2
21,9790.7
28,9794.4
0,9794.4
22,9795.9
27,9796.2
21,9798.2
13,9802.1
2,9804.9
5,9807.4
21,9808.9
0,9810.7
18,9810.8
15,9811.0
6,9811.1
29,9811.6
5,9813.9
21,9815.0
18,9818.5
6,9819.1
15,9819.3
29,9820.5
5,9820.8
21,9821.2
5,9829.6
21,9829.6
3,9833.0
13,9836.0
18,9836.7
2,9837.2
21,9839.9
5,9840.3
0,9845.0
28,9847.1
21,9847.3
8,9847.6
1,9848.3
27,9849.5
0,9849.7
24,9849.8
22,9850.0
16,9851.7
21,9853.5
5,9854.3
6,9854.9
18,9855.0
0,9855.5
24,9855.8
15,9855.8
29,9856.7
8,9858.1
1,9861.0
21,9861.7
16,9862.2
24,9866.6
0,9867.0
5,9867.3
27,9869.2
19,9869.4
13,9869.6
11,9869.7
2,9870.3
26,9870.7
0,9873.7
24,9874.1
27,9875.7
19,9876.2
11,9876.8
26,9879.6
0,9883.0
27,9887.1
24,9887.1
21,9887.3
5,9888.1
18,9888.3
6,9889.2
15,9889.4
0,9889.9
29,9890.4
19,9891.4
8,9891.8
1,9892.6
11,9895.5
24,9896.5
21,9898.2
16,9899.2
5,9904.1
0,9904.1
2,9904.7
13,9905.1
24,9909.1
19,9913.4
27,9913.6
11,9914.2
0,9914.3
26,9915.3
24,9919.0
0,9922.3
21,9922.9
5,9923.8
18,9924.2
15,9924.4
6,9924.5
8,9925.6
29,9925.7
1,9926.4
24,9932.6
0,9933.2
21,9935.1
16,9935.7
27,9941.5
13,9943.1
2,9943.6
24,9944.6
19,9948.1
0,9948.1
11,9948.5
27,9949.5
26,9949.7
24,9955.7
0,9957.1
21,9960.8
8,9961.1
5,9961.5
1,9961.9
18,9961.9
6,9962.4
15,9962.6
29,9963.7
0,9967.7
24,9971.3
18,9972.1
17,9973.9
21,9973.9
16,9974.4
10,9974.6
18,9978.5
17,9982.1
24,9982.1
13,9984.0
2,9984.1
0,9984.4
19,9984.4
27,9984.4
10,9984.5
11,9985.0
26,9985.5
18,9987.8
24,9993.7
0,9994.8
8,9998.6
1,9999.9
21,10002.1
18,10002.4
5,10003.1
6,10003.7
15,10003.9
29,10004.5
0,10005.0
24,10013.8
18,10016.1
21,10016.2
16,10016.6
17,10019.5
10,10020.7
24,10022.4
27,10022.8
19,10023.5
0,10023.5
11,10024.2
26,10025.1
18,10025.4
13,10031.7
2,10032.5
24,10035.3
0,10036.3
27,10039.4
8,10040.5
1,10041.0
0,10047.3
21,10049.4
18,10049.6
5,10050.7
6,10051.2
15,10051.5
29,10052.7
17,10054.7
18,10055.4
10,10055.8
21,10062.0
24,10064.1
27,10066.9
0,10067.0
19,10067.0
11,10067.3
16,10067.6
18,10068.1
26,10068.5
24,10070.5
0,10083.9
8,10087.7
1,10088.1
18,10090.3
17,10091.9
10,10093.0
0,10097.3
18,10107.3
27,10120.9
19,10121.0
0,10121.2
11,10121.5
24,10122.3
26,10122.6
18,10130.7
17,10132.2
10,10133.3
14,10150.4
5,10151.8
21,10151.8
30,10152.3
15,10152.4
3,10153.3
18,10153.3
5,10158.9
21,10159.3
14,10159.9
3,10162.6
15,10164.4
30,10164.4
14,10170.2
5,10174.1
18,10176.0
17,10177.5
10,10178.2
21,10179.4
5,10196.2
21,10196.3
3,10197.9
15,10202.3
21,10202.4
18,10202.5
5,10202.7
14,10203.6
6,10203.8
29,10204.9
30,10206.5
21,10207.5
15,10208.1
5,10208.6
18,10209.4
6,10211.6
21,10214.4
29,10215.4
5,10216.0
15,10216.0
18,10217.3
6,10220.2
21,10222.8
5,10227.9
21,10230.6
3,10232.6
15,10237.3
5,10237.9
14,10242.2
30,10245.1
21,10248.1
15,10249.8
5,10251.4
18,10251.9
6,10252.5
29,10254.1
21,10256.1
15,10264.8
5,10264.9
21,10266.1
3,10268.8
5,10276.7
21,10280.9
15,10282.8
18,10282.9
14,10284.4
6,10284.5
5,10284.6
29,10285.9
30,10286.9
21,10289.6
15,10292.5
5,10304.4
21,10304.9
3,10307.5
21,10315.2
5,10315.3
18,10317.1
6,10317.9
15,10318.0
29,10319.3
21,10324.4
5,10326.1
14,10334.0
15,10334.2
30,10336.8
21,10347.9
5,10348.4
3,10349.7
18,10352.5
15,10352.8
6,10353.3
21,10353.3
5,10354.4
29,10355.1
21,10363.1
5,10370.4
21,10389.9
5,10390.9
18,10391.2
6,10391.5
15,10391.5
29,10393.3
21,10398.8
5,10399.5
3,10402.3
21,10409.0
5,10411.8
11,10413.9
10,10414.7
20,10414.7
4,10414.8
21,10414.9
12,10416.1
11,10420.1
21,10421.2
19,10421.8
27,10422.0
0,10422.6
26,10423.1
24,10423.5
4,10424.0
20,10424.1
10,10424.9
11,10425.4
19,10428.6
27,10428.7
21,10430.5
0,10430.6
26,10431.5
12,10431.7
11,10432.0
5,10432.4
24,10432.7
6,10433.2
18,10433.3
15,10433.7
29,10435.4
21,10438.5
19,10443.6
27,10443.6
5,10454.6
21,10457.9
11,10458.3
4,10460.5
20,10461.1
10,10461.5
12,10462.7
19,10464.3
27,10464.4
11,10464.7
0,10465.3
26,10465.9
24,10466.5
21,10473.5
11,10479.6
21,10481.4
5,10481.7
6,10481.9
18,10482.2
15,10482.8
29,10484.3
21,10491.8
11,10493.9
4,10495.2
20,10496.2
10,10496.6
27,10497.5
19,10497.6
12,10497.7
0,10498.6
26,10499.2
24,10499.9
11,10500.6
21,10502.1
11,10529.8
21,10530.8
19,10532.4
27,10532.4
4,10533.0
20,10533.4
0,10533.5
10,10533.9
26,10534.1
24,10534.7
12,10535.2
11,10536.7
21,10550.0
11,10568.5
27,10569.5
19,10569.5
0,10570.5
26,10571.1
21,10571.3
24,10571.7
4,10573.3
20,10573.3
10,10574.1
12,10575.6
11,10575.7
27,10609.6
19,10609.8
11,10610.0
0,10610.9
26,10611.3
24,10612.0
20,10614.8
18,10615.3
21,10616.4
17,10616.5
11,10616.6
9,10616.6
4,10618.6
10,10619.4
12,10620.9
20,10621.0
18,10622.1
17,10625.8
9,10625.9
20,10630.6
11,10634.4
18,10636.1
27,10654.9
19,10655.0
11,10655.1
0,10655.8
26,10656.0
24,10657.3
18,10660.8
20,10661.5
9,10662.1
17,10662.4
18,10669.1
20,10670.2
9,10670.9
17,10671.3
18,10676.9
20,10680.6
9,10682.4
17,10682.7
18,10684.2
20,10695.2
18,10714.2
20,10715.8
17,10716.1
9,10716.4
18,10743.6
20,10745.9
17,10746.3
9,10746.5
18,10755.7
20,10756.3
12,10756.8
29,10757.2
3,10757.3
30,10757.6
5,10757.7
20,10763.1
12,10764.1
29,10764.9
3,10764.9
30,10765.6
5,10766.1
20,10771.0
18,10771.9
17,10772.7
12,10773.7
10,10774.0
18,10776.5
3,10777.4
9,10777.5
29,10777.7
20,10777.9
17,10778.5
18,10782.2
10,10783.7
17,10788.7
18,10793.5
30,10798.8
20,10805.0
12,10805.3
3,10805.8
29,10806.0
5,10806.5
30,10807.5
18,10808.0
17,10809.8
9,10810.1
20,10811.2
0,10814.8
18,10815.5
8,10816.8
17,10816.9
1,10817.3
10,10819.2
12,10820.9
0,10821.5
18,10824.4
20,10827.7
8,10828.1
1,10831.9
17,10836.0
0,10840.6
20,10841.6
12,10842.3
3,10842.5
29,10842.8
18,10843.0
30,10843.2
5,10843.3
9,10845.6
17,10846.5
20,10848.0
18,10850.1
10,10853.7
17,10854.5
0,10857.3
30,10857.6
18,10858.5
21,10859.1
12,10859.5
14,10859.7
8,10859.7
19,10859.7
1,10860.6
23,10861.0
30,10865.6
21,10868.8
20,10871.3
14,10872.4
19,10873.1
30,10874.4
23,10875.7
18,10875.7
9,10876.6
21,10876.7
17,10877.2
10,10877.5
18,10880.0
20,10880.4
9,10881.7
30,10881.7
12,10882.0
29,10882.3
3,10882.4
17,10883.0
5,10883.1
18,10884.5
10,10885.2
20,10887.2
17,10888.5
9,10888.9
18,10889.1
0,10890.6
8,10893.3
30,10893.6
1,10894.3
10,10894.5
18,10896.7
12,10898.0
17,10899.8
30,10915.5
21,10915.8
14,10916.7
19,10917.0
18,10918.1
23,10918.5
9,10919.3
17,10919.9
10,10921.7
20,10922.7
18,10923.1
30,10925.5
0,10925.5
17,10925.8
12,10926.1
3,10926.5
29,10926.7
9,10926.8
5,10927.0
8,10927.7
18,10928.0
20,10928.6
1,10928.7
10,10929.7
17,10935.2
18,10936.2
30,10938.4
12,10942.1
20,10944.4
3,10945.3
18,10953.0
9,10954.2
17,10955.0
10,10955.1
30,10955.4
21,10956.2
19,10956.9
14,10957.2
23,10959.0
0,10962.8
18,10963.7
8,10964.9
1,10966.0
9,10967.2
17,10967.4
18,10968.8
20,10969.2
10,10970.5
2,10973.5
11,10974.0
17,10974.3
18,10974.9
14,10978.7
21,10978.8
19,10979.1
13,10979.3
6,10979.7
2,10980.2
11,10980.3
20,10982.1
10,10982.3
21,10983.0
4,10983.9
14,10984.3
12,10984.6
19,10985.4
11,10985.5
13,10985.6
6,10987.0
9,10987.3
18,10987.6
21,10987.6
10,10988.7
17,10989.0
20,10989.9
2,10990.6
11,10992.2
14,10992.8
4,10993.3
21,10994.0
12,10995.2
18,10995.6
10,10996.8
19,10998.2
9,10998.6
21,11000.4
30,11001.0
14,11001.3
0,11002.7
23,11002.9
13,11004.0
8,11004.7
17,11005.5
1,11006.8
19,11009.7
21,11010.8
11,11013.5
14,11017.3
13,11019.0
19,11019.1
21,11019.4
6,11019.7
2,11020.1
11,11022.1
10,11025.0
18,11025.1
21,11025.5
17,11025.8
20,11025.8
9,11026.9
14,11027.0
4,11027.7
18,11028.6
12,11028.7
11,11029.6
17,11030.3
10,11030.7
20,11031.6
9,11032.8
18,11033.0
19,11034.1
21,11035.6
17,11035.9
18,11038.4
20,11038.5
9,11041.3
2,11041.6
10,11043.6
17,11047.5
0,11048.7
18,11048.9
8,11050.6
13,11050.7
14,11050.8
21,11051.1
19,11051.2
6,11052.1
1,11052.6
11,11055.7
2,11056.2
21,11058.6
20,11059.1
10,11061.2
4,11061.7
11,11062.2
12,11062.3
14,11063.4
13,11064.8
19,11067.2
18,11068.1
20,11068.2
9,11068.7
17,11069.0
21,11069.2
12,11070.1
30,11070.6
3,11070.6
29,11070.7
5,11071.1
10,11071.2
20,11072.6
18,11073.5
9,11076.1
12,11076.5
3,11077.7
29,11077.7
30,11077.8
20,11077.9
17,11078.0
5,11079.0
11,11081.9
14,11084.3
18,11084.5
21,11084.5
13,11084.6
19,11084.6
12,11084.9
2,11085.3
6,11085.3
20,11086.6
3,11089.0
29,11091.3
30,11092.0
11,11093.2
21,11093.4
2,11094.7
20,11095.3
10,11095.7
4,11096.1
12,11096.2
14,11097.6
19,11100.4
11,11100.4
18,11101.2
20,11102.2
17,11102.4
9,11102.6
21,11103.1
2,11108.8
20,11112.7
12,11113.8
18,11114.3
3,11114.4
29,11115.0
30,11115.3
5,11115.5
14,11119.6
9,11119.7
21,11119.7
13,11119.7
19,11119.9
6,11120.3
17,11120.7
20,11121.1
18,11121.3
10,11121.4
12,11126.0
21,11131.4
3,11131.9
20,11132.7
11,11133.0
10,11133.3
18,11133.3
9,11133.4
14,11133.8
4,11134.9
17,11135.0
2,11135.9
12,11136.9
20,11139.9
11,11140.0
21,11141.6
18,11142.8
19,11147.0
20,11147.9
12,11148.1
9,11148.1
3,11148.5
29,11148.9
30,11149.1
5,11149.3
2,11153.6
14,11157.5
21,11157.5
20,11157.7
13,11157.7
19,11158.1
6,11158.2
12,11160.6
3,11166.7
18,11170.6
20,11171.1
21,11172.1
17,11172.4
9,11172.5
14,11172.7
11,11174.8
4,11176.6
10,11176.7
12,11177.0
20,11178.7
21,11182.3
12,11184.2
11,11184.4
3,11184.5
29,11184.6
20,11184.6
2,11184.8
30,11184.8
5,11185.3
18,11185.8
20,11195.5
12,11195.9
14,11198.6
21,11198.8
13,11199.0
19,11199.0
6,11199.7
11,11200.6
2,11203.5
29,11206.8
18,11209.0
20,11209.7
17,11210.9
9,11210.9
14,11212.6
21,11216.5
13,11217.6
11,11218.6
29,11218.8
20,11220.5
1,11220.5
22,11220.6
21,11221.0
12,11221.2
3,11222.7
30,11223.1
5,11223.3
11,11223.5
29,11223.5
13,11224.7
4,11224.9
10,11225.2
18,11226.0
20,11226.5
21,11226.8
12,11228.5
29,11231.9
11,11232.4
21,11236.7
13,11237.5
1,11239.0
22,11239.1
29,11239.1
11,11239.2
20,11240.8
21,11244.3
13,11244.9
14,11246.1
19,11246.6
6,11247.3
3,11247.6
18,11251.0
20,11252.2
21,11252.2
11,11252.8
9,11252.9
17,11253.0
13,11254.2
29,11258.0
14,11260.5
20,11263.5
12,11264.3
3,11264.8
30,11265.2
5,11265.6
29,11265.9
18,11267.7
20,11274.0
29,11278.1
21,11278.9
13,11279.2
11,11279.3
12,11280.1
1,11281.9
22,11282.1
29,11290.2
21,11291.9
11,11295.5
13,11297.1
18,11299.9
20,11300.8
9,11301.9
17,11302.1
20,11312.5
12,11313.4
29,11313.6
3,11313.9
30,11314.2
5,11314.7
29,11319.9
21,11320.4
13,11320.5
11,11320.6
1,11323.0
22,11323.2
20,11323.6
29,11330.4
12,11332.3
18,11336.6
21,11336.7
11,11339.4
13,11341.0
8,11352.9
26,11353.1
27,11354.3
8,11359.8
26,11360.1
27,11362.6
13,11367.2
21,11367.2
29,11367.3
11,11367.3
8,11368.5
1,11369.8
22,11369.8
26,11369.9
21,11386.5
11,11397.7
8,11401.0
26,11401.2
27,11402.6
18,11406.2
21,11406.4
5,11406.5
4,11407.1
9,11407.4
10,11407.4
20,11407.9
28,11408.7
21,11414.2
18,11414.2
5,11414.6
4,11415.5
8,11416.2
9,11416.3
10,11416.9
20,11417.6
28,11418.9
26,11420.3
21,11422.5
18,11423.6
5,11424.2
4,11428.5
8,11437.6
26,11438.0
27,11439.6
8,11451.9
26,11456.5
21,11457.7
18,11457.7
5,11457.7
4,11458.5
9,11458.6
20,11459.4
10,11459.5
28,11460.4
21,11469.5
14,11470.7
13,11470.9
19,11471.2
6,11471.5
5,11473.6
21,11475.5
14,11476.6
8,11477.1
13,11477.2
26,11477.5
19,11477.8
27,11479.0
6,11479.1
21,11485.5
14,11488.0
8,11492.0
21,11496.0
13,11496.1
18,11496.1
5,11496.3
4,11497.0
9,11497.6
10,11497.9
20,11498.3
26,11498.4
28,11499.3
21,11503.8
13,11504.3
14,11504.4
19,11504.8
6,11505.5
23,11507.3
29,11508.7
13,11508.9
21,11513.5
13,11514.2
23,11515.0
14,11517.0
29,11520.5
8,11520.9
26,11521.2
27,11522.9
13,11525.2
5,11529.4
14,11530.0
7,11531.0
27,11531.4
28,11531.6
3,11532.2
11,11533.7
8,11533.7
16,11533.8
14,11534.5
21,11535.6
13,11535.9
5,11536.1
19,11536.1
6,11536.4
28,11537.5
18,11538.0
27,11538.1
4,11538.6
7,11538.6
9,11538.8
14,11539.2
3,11539.4
10,11539.7
26,11539.8
20,11540.2
21,11541.5
5,11542.6
16,11545.0
28,11546.6
14,11547.5
13,11547.8
11,11549.7
23,11551.1
29,11553.1
27,11555.4
21,11556.1
13,11556.5
14,11566.9
13,11566.9
19,11567.6
21,11568.0
6,11568.0
14,11572.6
5,11574.6
7,11574.7
3,11574.8
27,11574.9
28,11575.3
16,11576.9
11,11577.7
8,11577.9
26,11578.1
13,11580.0
14,11580.7
27,11582.3
23,11585.4
21,11585.6
5,11586.3
13,11587.2
18,11587.2
29,11587.4
4,11587.9
28,11588.0
9,11588.5
10,11588.9
20,11589.5
8,11594.5
21,11596.7
5,11599.3
13,11599.5
14,11599.9
26,11600.3
19,11600.8
6,11601.0
21,11604.3
14,11606.5
27,11607.7
3,11608.5
28,11608.6
7,11608.8
16,11610.5
5,11610.6
13,11610.8
11,11611.3
14,11614.4
13,11619.6
23,11621.3
29,11621.9
13,11632.5
14,11635.2
19,11636.1
21,11636.2
6,11636.5
13,11640.8
14,11642.2
27,11643.1
3,11643.5
7,11644.7
28,11645.0
16,11645.7
5,11645.9
11,11646.5
14,11650.0
13,11657.5
23,11659.8
29,11660.9
13,11669.4
14,11672.9
19,11673.7
21,11673.8
6,11674.4
13,11676.7
14,11680.5
27,11680.9
3,11681.0
16,11682.9
7,11683.2
11,11683.3
28,11683.4
5,11684.7
14,11688.5
13,11699.9
23,11702.2
29,11704.1
13,11711.8
18,11712.9
17,11713.5
14,11713.9
20,11713.9
19,11714.0
9,11714.0
21,11714.4
6,11714.6
13,11717.4
18,11719.6
14,11719.6
19,11720.0
21,11720.7
27,11721.7
20,11721.7
6,11721.9
3,11722.0
17,11722.1
9,11722.6
11,11723.7
16,11723.7
14,11724.2
13,11725.4
7,11725.6
28,11725.8
5,11726.7
14,11731.7
19,11732.2
18,11732.4
21,11735.4
13,11737.2
6,11737.4
14,11737.9
19,11739.9
21,11746.8
14,11747.9
13,11748.4
23,11752.1
28,11752.4
0,11753.0
29,11753.4
21,11753.5
27,11753.8
22,11754.9
18,11756.9
13,11756.9
20,11758.3
9,11758.6
17,11758.6
28,11759.3
0,11759.7
21,11760.4
27,11762.9
22,11765.6
21,11767.6
13,11767.8
14,11768.0
3,11768.5
19,11768.6
6,11768.7
28,11769.1
27,11770.0
0,11770.0
16,11770.6
11,11771.6
14,11773.7
7,11775.6
28,11777.1
5,11777.4
21,11777.5
13,11781.4
14,11781.9
18,11791.2
20,11792.7
9,11793.1
17,11793.1
14,11797.2
21,11797.3
19,11797.9
13,11797.9
6,11798.3
28,11799.4
0,11800.3
27,11801.6
22,11803.1
21,11803.6
14,11808.3
28,11814.0
13,11814.3
19,11818.5
21,11824.5
18,11827.3
14,11828.3
13,11828.7
20,11828.8
17,11828.9
9,11829.2
19,11829.3
6,11829.4
21,11833.0
0,11836.0
28,11836.1
27,11838.6
22,11839.7
21,11840.8
14,11841.6
0,11848.3
8,11852.0
1,11852.9
28,11853.1
13,11854.4
0,11854.6
21,11860.7
14,11860.7
19,11861.0
6,11861.6
13,11862.5
0,11863.8
8,11863.8
18,11866.2
20,11867.7
17,11868.1
9,11868.1
1,11871.7
21,11872.8
0,11874.8
14,11874.8
28,11875.2
27,11877.2
22,11878.6
21,11883.3
0,11887.2
0,11894.6
21,11894.6
13,11894.8
14,11895.0
8,11895.3
19,11895.3
28,11895.7
6,11895.8
1,11896.8
11,11897.7
20,11897.8
4,11898.6
10,11898.8
21,11899.4
12,11899.8
21,11905.1
11,11905.4
20,11906.0
4,11907.7
10,11909.0
18,11909.1
14,11909.4
9,11910.8
17,11911.0
20,11913.6
13,11914.7
12,11914.9
21,11915.4
0,11917.1
28,11918.1
27,11920.5
22,11921.5
21,11924.1
0,11924.3
8,11928.8
1,11930.2
14,11931.6
21,11931.8
13,11931.8
19,11932.0
6,11932.5
0,11933.4
21,11940.3
28,11942.0
11,11942.2
20,11943.0
4,11943.1
10,11944.6
12,11946.1
14,11946.3
21,11949.9
18,11960.3
0,11960.6
20,11960.8
17,11961.7
9,11962.6
8,11963.2
1,11963.7
21,11968.6
0,11968.7
28,11969.7
14,11971.1
13,11971.2
19,11971.6
6,11972.1
27,11972.3
22,11973.3
21,11973.9
20,11976.1
11,11977.2
0,11977.6
4,11978.2
10,11978.8
21,11980.1
12,11980.6
14,11985.9
21,11993.8
0,11997.6
28,11999.3
8,12001.1
1,12002.1
13,12005.3
14,12005.3
19,12005.4
21,12005.5
6,12005.8
21,12009.6
5,12010.4
14,12011.0
13,12011.7
3,12011.8
19,12011.9
6,12013.0
21,12013.5
11,12013.8
0,12014.6
20,12014.8
4,12014.9
10,12015.7
12,12016.7
5,12017.6
21,12017.9
14,12020.1
13,12020.7
3,12020.8
22,12023.8
31,12024.2
23,12024.8
21,12025.3
13,12026.7
14,12026.7
13,12033.2
19,12033.7
14,12033.7
22,12033.8
31,12034.9
23,12036.6
21,12036.7
6,12038.1
13,12038.5
0,12038.8
5,12038.8
14,12039.1
8,12041.5
19,12042.8
1,12042.8
21,12047.5
13,12049.4
14,12050.5
11,12053.3
21,12053.8
4,12054.3
20,12054.4
10,12055.1
12,12056.7
5,12057.1
3,12058.0
21,12060.5
0,12061.2
19,12061.5
11,12061.8
27,12062.2
26,12063.2
24,12063.6
19,12066.2
13,12067.1
14,12067.1
21,12067.3
6,12068.2
0,12068.5
11,12068.5
27,12068.8
19,12071.7
26,12071.9
14,12072.3
13,12072.5
24,12073.1
22,12075.1
31,12075.9
23,12076.9
21,12077.8
11,12080.6
14,12081.5
27,12081.6
0,12082.3
13,12082.3
19,12082.7
8,12086.2
1,12088.1
21,12091.9
5,12092.0
0,12092.5
3,12094.4
21,12096.0
14,12096.2
11,12096.5
13,12096.9
19,12097.2
20,12098.1
6,12098.2
4,12098.3
10,12099.0
5,12100.2
27,12100.6
12,12100.7
21,12101.7
19,12101.8
11,12101.9
2,12102.1
28,12102.9
27,12105.0
19,12105.6
11,12106.0
14,12106.1
0,12106.4
5,12107.1
26,12108.1
13,12108.4
24,12109.0
27,12110.6
19,12111.0
11,12112.2
21,12112.4
2,12112.4
22,12113.0
31,12113.6
14,12114.1
23,12114.5
28,12117.2
13,12118.0
19,12121.6
27,12122.7
5,12125.4
14,12127.4
21,12127.5
13,12128.4
11,12128.5
19,12129.2
6,12129.3
3,12132.0
21,12133.4
5,12133.4
14,12136.7
19,12138.6
27,12139.6
11,12140.0
13,12140.5
0,12141.2
5,12142.4
26,12142.6
24,12143.3
19,12143.5
2,12144.3
28,12144.9
27,12145.6
21,12146.0
11,12146.6
14,12151.2
13,12151.3
19,12151.8
22,12154.0
31,12154.2
23,12154.3
11,12155.2
13,12156.1
21,12156.2
20,12158.4
4,12158.6
29,12158.9
10,12159.3
27,12160.1
13,12160.1
14,12160.5
12,12160.6
23,12160.9
19,12161.2
21,12161.9
6,12162.6
13,12164.7
11,12167.6
14,12169.3
21,12169.5
5,12170.8
23,12171.0
19,12171.8
29,12172.0
13,12172.1
3,12173.8
27,12174.4
11,12175.0
19,12176.0
5,12177.1
2,12177.4
0,12177.7
21,12178.3
28,12178.6
26,12178.8
24,12179.6
27,12180.3
11,12181.6
19,12182.4
27,12194.4
19,12195.0
13,12195.1
14,12195.6
21,12196.4
5,12197.0
23,12197.6
6,12197.8
13,12198.9
22,12200.5
31,12201.4
14,12201.5
29,12202.6
13,12204.4
19,12204.4
11,12205.3
23,12207.5
27,12209.4
21,12210.2
19,12210.6
5,12211.0
2,12211.7
28,12212.4
11,12213.6
13,12214.7
27,12215.6
14,12215.7
19,12216.0
0,12217.2
26,12217.8
5,12218.9
24,12219.0
21,12219.7
3,12221.3
11,12221.6
27,12224.7
19,12225.2
13,12231.1
5,12232.8
23,12233.0
21,12233.0
14,12233.9
19,12234.1
29,12235.0
6,12235.5
13,12236.5
21,12244.2
19,12244.3
14,12245.3
11,12245.5
27,12246.0
13,12246.7
5,12247.3
2,12248.1
28,12249.8
19,12252.8
27,12258.0
11,12258.0
19,12259.8
0,12260.6
26,12261.6
24,12262.4
13,12266.4
27,12267.9
23,12268.3
11,12269.0
29,12270.7
19,12272.2
13,12273.9
14,12275.2
21,12275.6
6,12276.3
19,12280.0
13,12282.1
27,12285.7
11,12285.9
19,12286.4
5,12287.1
14,12287.7
2,12288.2
28,12289.6
21,12292.3
19,12297.6
13,12303.1
27,12303.5
23,12305.4
11,12305.6
29,12308.0
19,12313.7
13,12314.1
27,12314.4
11,12315.3
0,12315.4
26,12316.2
24,12316.9
19,12321.1
14,12322.1
13,12322.3
21,12322.7
6,12323.4
19,12328.3
27,12328.5
11,12329.5
5,12331.7
2,12332.6
28,12334.2
14,12334.6
13,12335.2
19,12335.5
27,12339.9
11,12344.1
13,12344.5
23,12345.9
29,12348.3
13,12357.3
13,12390.1
23,12391.9
29,12394.2
13,12404.6
21,12532.6
30,12532.7
19,12533.1
14,12533.3
23,12534.6
21,12541.9
30,12543.9
14,12546.7
19,12548.1
21,12551.0
23,12551.9
30,12552.5
14,12558.0
21,12580.4
28,12580.6
0,12580.9
27,12582.0
22,12582.8
21,12587.8
28,12587.8
0,12587.9
19,12589.5
14,12589.6
5,12591.1
12,12591.2
27,12591.3
30,12591.8
22,12593.4
21,12593.4
23,12594.3
19,12594.8
14,12594.9
0,12597.5
28,12597.9
5,12598.2
12,12598.5
14,12601.2
19,12601.2
21,12604.9
5,12610.4
19,12620.3
12,12621.7
14,12622.0
21,12627.8
28,12627.8
0,12628.0
27,12630.2
22,12631.2
30,12632.7
14,12633.3
19,12633.4
21,12633.7
23,12635.1
5,12638.1
12,12638.3
19,12639.7
14,12639.7
2,12644.6
13,12645.1
21,12646.1
28,12647.9
0,12649.4
19,12654.7
14,12659.0
21,12663.6
28,12663.8
0,12664.0
13,12665.1
27,12666.1
22,12667.0
13,12672.8
23,12673.1
14,12673.4
19,12673.6
5,12673.7
12,12674.3
29,12674.8
30,12676.1
21,12676.9
14,12677.1
23,12678.4
15,12678.7
13,12679.0
19,12680.0
0,12681.5
14,12682.4
30,12682.8
2,12684.2
13,12685.4
29,12686.0
23,12687.4
21,12688.5
14,12688.5
30,12691.1
15,12691.2
5,12693.7
14,12698.4
19,12701.3
21,12701.7
28,12701.8
0,12702.1
27,12704.4
22,12705.1
14,12711.6
5,12712.4
19,12712.4
12,12712.7
13,12712.7
23,12714.9
29,12717.3
2,12718.4
13,12719.8
21,12721.8
0,12723.5
14,12726.1
30,12732.6
15,12733.8
14,12734.0
19,12740.5
21,12743.5
28,12743.8
0,12743.9
13,12745.7
27,12746.5
22,12747.3
23,12747.6
29,12749.8
2,12751.0
13,12753.0
14,12753.2
19,12754.4
5,12754.7
12,12754.8
0,12761.0
21,12766.4
14,12766.5
30,12773.0
15,12774.2
14,12774.5
19,12776.9
13,12780.2
23,12781.5
29,12784.4
2,12786.7
13,12787.6
28,12792.8
21,12792.9
0,12792.9
27,12795.0
22,12796.2
14,12803.8
19,12804.2
5,12804.6
12,12804.7
14,12813.4
30,12816.8
13,12816.8
0,12817.3
23,12818.4
15,12818.5
29,12821.0
13,12823.8
14,12824.0
2,12824.4
13,12856.1
23,12857.8
29,12860.1
13,12862.8
18,12863.5
17,12864.1
10,12864.8
2,12864.9
18,12870.2
17,12872.4
10,12874.1
21,12877.8
5,12877.8
3,12879.3
13,12882.3
21,12882.9
29,12883.8
11,12884.2
18,12884.4
5,12884.7
22,12885.2
1,12885.7
21,12887.6
3,12888.4
13,12888.8
29,12892.5
11,12893.2
21,12895.1
13,12897.7
5,12897.9
29,12899.0
22,12899.3
1,12900.0
11,12901.0
23,12901.1
21,12901.3
13,12902.9
29,12906.5
18,12908.4
13,12908.9
17,12909.7
10,12910.6
2,12911.9
21,12913.8
13,12921.4
21,12923.3
5,12923.5
3,12925.6
21,12939.1
13,12940.8
29,12941.2
11,12941.3
22,12943.1
18,12943.4
1,12943.7
17,12944.2
10,12945.3
21,12949.0
13,12952.8
29,12954.2
23,12956.4
21,12958.4
5,12958.6
13,12960.7
3,12960.9
21,12975.0
18,12980.5
13,12980.8
29,12981.3
17,12981.5
11,12982.0
21,12982.6
10,12982.7
1,12983.5
22,12984.1
0,12985.6
5,12986.2
8,12987.3
1,12991.4
0,12992.3
21,12993.9
13,12994.0
5,12996.5
3,12998.0
29,12998.2
8,12998.6
21,13005.5
0,13008.4
18,13020.8
17,13021.9
10,13022.5
21,13027.1
13,13027.2
1,13027.2
29,13027.4
11,13027.7
0,13028.5
22,13029.9
8,13030.7
21,13034.7
5,13036.3
3,13038.4
1,13038.8
13,13042.3
21,13045.2
29,13050.1
0,13062.2
8,13063.8
1,13065.2
18,13065.8
17,13066.9
10,13067.8
21,13081.5
5,13081.7
3,13083.9
0,13097.4
8,13099.8
1,13100.6
0,13135.1
8,13137.3
1,13138.5
0,13145.4
21,13146.3
28,13146.4
27,13148.1
22,13148.4
0,13151.7
28,13153.2
21,13153.5
27,13157.9
22,13159.1
0,13159.1
28,13165.6
21,13167.6
0,13174.8
8,13178.4
1,13179.7
0,13189.0
21,13191.8
28,13192.0
27,13194.7
22,13195.1
0,13196.9
0,13222.2
8,13224.9
21,13225.2
1,13226.2
28,13227.1
0,13227.5
27,13229.2
22,13230.0
0,13237.6
21,13240.0
27,13241.7
28,13241.8
19,13242.4
5,13242.7
11,13242.8
2,13243.4
27,13248.0
19,13248.9
11,13250.1
5,13250.9
28,13251.1
2,13253.5
27,13261.6
28,13263.2
0,13264.0
21,13264.3
22,13267.3
19,13272.1
28,13276.3
0,13278.7
27,13278.9
19,13283.9
11,13284.2
5,13284.7
2,13284.8
27,13287.2
28,13287.5
27,13297.5
19,13297.8
11,13297.8
3,13298.4
14,13298.7
13,13298.9
21,13299.0
6,13299.0
16,13299.9
27,13302.8
21,13303.4
19,13303.7
28,13303.8
0,13304.2
14,13304.5
13,13305.2
6,13305.8
3,13306.1
22,13307.0
11,13307.7
21,13309.6
27,13309.7
16,13311.9
19,13313.4
14,13314.8
28,13315.6
27,13316.2
11,13317.0
5,13318.0
2,13318.4
19,13321.0
0,13321.1
13,13322.8
21,13327.3
27,13327.9
19,13337.6
14,13338.0
13,13338.4
6,13338.5
21,13339.0
27,13340.5
11,13340.6
3,13341.1
16,13343.4
21,13348.1
27,13348.2
28,13348.3
19,13348.8
0,13349.3
11,13350.8
14,13351.8
5,13352.4
22,13352.4
2,13352.7
27,13354.6
13,13355.2
28,13355.8
23,13357.4
19,13358.1
29,13358.8
21,13359.0
13,13361.4
23,13365.1
0,13367.2
13,13368.2
29,13370.0
19,13370.2
14,13370.4
21,13370.4
27,13371.1
6,13371.2
11,13371.6
13,13372.5
3,13374.6
22,13374.9
21,13375.2
1,13375.3
29,13376.0
16,13376.3
11,13376.7
13,13377.4
21,13382.6
14,13383.0
27,13383.2
19,13384.3
11,13384.5
13,13384.8
29,13385.3
22,13387.0
1,13387.1
5,13388.8
21,13389.3
2,13389.4
11,13389.6
28,13389.9
27,13390.4
19,13392.6
13,13392.8
29,13396.1
13,13398.9
11,13399.5
23,13400.2
21,13401.7
19,13403.0
14,13403.1
13,13403.8
6,13404.2
27,13407.9
29,13409.2
3,13409.8
11,13410.5
16,13411.5
21,13412.0
13,13412.4
14,13416.2
19,13416.2
27,13424.6
11,13424.9
13,13425.5
21,13426.0
29,13426.5
19,13427.1
5,13428.7
1,13428.8
22,13428.9
2,13429.1
28,13429.6
11,13430.8
13,13431.1
23,13433.7
29,13433.7
27,13435.0
13,13436.4
21,13436.5
19,13437.0
14,13438.2
6,13439.2
13,13442.9
11,13443.6
21,13446.3
27,13446.4
19,13447.0
3,13447.2
16,13448.9
14,13453.4
13,13459.4
29,13462.0
11,13462.5
21,13464.3
13,13464.9
22,13466.7
1,13466.8
29,13467.9
23,13468.2
11,13469.6
27,13470.1
13,13470.8
19,13471.1
5,13472.7
2,13472.7
28,13473.4
21,13474.2
14,13475.7
13,13475.9
19,13476.4
6,13476.7
11,13478.2
29,13481.5
24,13482.5
21,13484.0
16,13484.0
27,13484.1
13,13484.9
19,13486.9
11,13488.0
3,13488.0
14,13489.0
24,13489.3
16,13491.0
27,13495.1
24,13496.0
16,13497.5
3,13497.8
11,13498.4
27,13502.5
13,13502.8
29,13504.2
11,13504.9
23,13505.2
16,13505.2
21,13505.9
3,13505.9
13,13507.9
1,13508.6
22,13508.6
27,13512.0
29,13512.2
11,13512.3
24,13513.0
13,13514.6
21,13515.2
14,13516.4
19,13516.5
6,13517.4
13,13522.0
16,13524.0
21,13525.4
14,13530.0
24,13533.8
16,13535.9
27,13538.7
3,13539.3
19,13539.3
11,13539.5
13,13542.8
23,13545.8
16,13546.5
29,13547.0
24,13548.7
13,13551.3
11,13553.6
21,13553.8
29,13554.4
22,13556.1
1,13556.6
13,13558.6
21,13561.7
14,13562.5
19,13562.9
6,13563.5
13,13564.5
11,13566.3
27,13569.2
3,13569.5
16,13569.9
29,13570.2
24,13572.1
21,13572.2
14,13574.9
13,13577.2
16,13579.6
14,13582.3
30,13583.9
15,13584.3
24,13587.4
13,13589.2
23,13591.3
14,13591.5
29,13591.7
30,13596.1
15,13596.7
14,13600.6
13,13600.7
27,13600.8
3,13601.0
11,13601.6
16,13602.0
24,13613.7
16,13614.8
24,13630.4
27,13633.9
16,13634.0
3,13634.0
14,13635.6
11,13635.8
30,13638.8
15,13639.2
24,13661.9
16,13663.9
3,13669.1
27,13669.1
11,13671.2
16,13672.7
14,13674.9
24,13676.8
15,13678.1
30,13678.1
14,13696.9
3,13706.6
27,13706.7
16,13707.9
11,13709.0
14,13718.4
30,13721.2
15,13721.3
27,13747.4
3,13747.5
16,13749.2
11,13750.2
14,13771.8
30,13774.5
15,13775.0
3,13794.0
27,13794.1
16,13795.8
11,13797.0
12,13827.4
3,13827.4
20,13827.5
29,13827.7
30,13827.9
5,13828.3
12,13834.2
20,13834.5
3,13834.5
29,13834.9
30,13835.3
5,13836.3
12,13843.8
20,13846.1
3,13846.3
29,13846.7
30,13853.3
12,13875.3
29,13875.4
20,13875.4
3,13875.6
30,13876.0
5,13876.6
12,13898.0
3,13898.6
27,13899.9
16,13900.9
20,13901.0
11,13901.4
3,13905.8
27,13907.7
16,13911.2
3,13911.9
29,13912.0
12,13912.2
20,13912.6
30,13912.8
5,13913.2
3,13922.8
13,13924.5
14,13925.1
22,13926.2
31,13926.5
23,13927.1
29,13928.9
13,13932.5
14,13933.5
12,13934.7
5,13936.3
22,13936.4
19,13936.5
31,13937.3
3,13938.0
14,13938.2
27,13938.2
23,13939.0
16,13940.1
11,13940.8
12,13941.5
13,13943.3
5,13943.3
19,13943.5
14,13944.0
12,13948.9
5,13950.0
3,13950.1
20,13951.5
29,13951.6
30,13952.2
14,13954.6
12,13955.9
19,13958.4
5,13959.2
3,13961.0
30,13964.8
5,13966.2
15,13966.6
6,13967.6
27,13969.9
3,13970.1
30,13970.6
16,13971.3
5,13972.9
11,13973.2
15,13974.6
14,13974.9
13,13974.9
22,13977.5
31,13977.8
30,13977.9
6,13978.0
23,13979.1
5,13981.9
14,13982.5
12,13982.8
19,13983.4
5,13991.3
12,13993.4
14,13993.9
30,13994.4
3,13994.6
20,13995.1
29,13995.4
5,13999.4
3,14001.1
27,14002.4
12,14002.8
16,14004.0
11,14005.5
30,14007.8
5,14009.5
15,14011.1
13,14012.6
14,14012.9
6,14012.9
3,14013.1
22,14014.4
29,14015.7
31,14015.8
30,14016.3
11,14016.7
21,14016.9
23,14016.9
13,14017.7
5,14017.9
1,14018.5
12,14018.9
14,14019.1
19,14019.3
22,14022.0
29,14023.1
13,14025.1
11,14025.3
21,14025.8
5,14027.0
14,14030.6
29,14031.5
13,14032.2
1,14032.3
11,14032.4
22,14032.8
21,14033.2
3,14036.1
27,14036.6
12,14037.4
16,14038.3
11,14040.8
5,14044.0
30,14044.1
15,14045.3
6,14046.3
29,14048.0
13,14048.9
3,14050.8
30,14050.8
5,14051.2
12,14051.3
20,14051.9
14,14053.7
22,14054.5
29,14055.4
31,14056.4
13,14056.6
5,14056.8
12,14057.1
19,14057.5
23,14057.8
30,14059.7
14,14060.2
3,14063.3
5,14065.1
12,14067.0
11,14070.3
29,14070.5
13,14070.6
21,14071.6
3,14072.5
22,14072.9
27,14072.9
16,14074.0
1,14074.6
14,14077.3
11,14077.9
5,14080.1
30,14080.2
15,14081.7
29,14082.5
13,14082.6
6,14083.2
21,14089.2
30,14091.9
5,14096.0
14,14098.0
19,14099.2
13,14099.4
12,14099.7
22,14101.0
31,14103.2
5,14104.0
23,14104.4
14,14104.7
13,14109.1
11,14109.7
29,14110.8
21,14111.1
22,14111.6
3,14111.9
27,14112.2
1,14113.2
16,14113.8
11,14117.7
13,14118.6
5,14118.9
30,14119.5
15,14120.8
19,14122.3
6,14122.5
30,14133.2
29,14133.3
5,14133.5
5,14148.6
19,14148.7
14,14148.7
12,14149.0
11,14152.9
13,14153.7
29,14154.1
21,14154.2
3,14155.7
27,14156.1
22,14156.2
1,14156.6
16,14157.8
5,14161.0
11,14161.2
30,14162.5
15,14164.0
6,14165.8
5,14172.2
13,14173.2
30,14175.3
13,14206.7
11,14206.9
21,14206.9
29,14206.9
22,14209.1
1,14209.3
3,14212.4
27,14212.6
11,14214.6
16,14214.6
30,14216.0
5,14216.1
15,14216.9
6,14219.2
13,14227.0
30,14230.9
25,14262.7
25,14270.1
5,14279.6
5,14289.8
25,14306.7
18,14334.8
9,14335.2
17,14336.5
10,14336.6
5,14338.5
25,14340.4
18,14341.1
9,14342.1
3,14345.2
27,14345.4
10,14346.1
17,14346.4
11,14346.5
16,14346.6
18,14352.7
3,14352.8
27,14353.2
16,14357.4
2,14358.7
17,14359.5
24,14360.6
18,14361.0
11,14363.4
2,14365.5
17,14368.1
24,14369.3
18,14371.3
25,14377.1
9,14377.9
18,14378.5
17,14378.8
10,14380.3
5,14380.8
3,14384.7
27,14385.0
16,14387.2
11,14387.5
18,14390.2
2,14392.8
9,14400.1
5,14402.5
2,14403.1
17,14403.3
18,14403.9
24,14404.6
18,14411.6
9,14412.3
17,14412.9
10,14414.1
25,14416.1
3,14416.8
27,14417.0
11,14417.9
16,14419.1
18,14423.7
3,14426.9
5,14427.1
12,14427.6
20,14427.9
29,14427.9
30,14428.3
5,14432.9
3,14434.0
12,14434.6
20,14435.1
29,14435.4
30,14435.8
2,14436.9
17,14437.9
18,14438.8
24,14439.1
5,14439.9
3,14443.3
12,14444.4
20,14446.1
18,14447.1
29,14447.5
9,14447.8
17,14448.4
10,14449.7
27,14449.9
3,14450.5
16,14452.0
11,14452.1
30,14452.7
25,14459.0
18,14459.8
2,14472.5
3,14473.7
17,14474.0
12,14474.4
20,14474.7
24,14474.7
29,14474.7
18,14474.8
5,14474.9
30,14475.3
3,14482.2
27,14484.6
18,14485.3
9,14486.2
12,14486.3
17,14486.5
11,14486.6
20,14486.7
16,14486.7
29,14486.9
5,14487.5
30,14487.5
3,14487.7
10,14488.1
12,14492.8
20,14493.4
29,14494.1
3,14494.2
30,14495.8
5,14496.5
25,14498.1
18,14498.2
12,14499.4
20,14500.1
3,14501.0
29,14501.1
25,14505.1
30,14505.5
5,14508.2
2,14511.4
17,14512.7
18,14513.2
24,14513.8
12,14514.7
3,14519.2
27,14521.8
16,14524.1
11,14524.3
18,14526.8
9,14528.0
17,14528.5
10,14529.9
3,14530.3
20,14531.8
12,14531.9
29,14532.2
30,14532.6
5,14532.7
25,14538.1
18,14538.9
3,14539.9
12,14549.5
29,14550.0
2,14554.0
17,14555.0
20,14555.3
18,14555.5
24,14556.4
13,14560.5
3,14560.5
14,14561.2
22,14562.1
27,14562.3
31,14562.4
23,14562.9
12,14563.0
30,14563.2
29,14563.3
5,14563.7
20,14564.0
16,14564.6
11,14565.0
3,14567.1
13,14568.1
14,14569.7
25,14569.8
22,14571.9
31,14573.1
23,14575.0
18,14576.2
9,14577.1
17,14577.8
13,14578.8
10,14578.8
29,14580.9
12,14582.3
30,14588.2
26,14589.9
8,14589.9
18,14590.5
27,14590.9
3,14593.9
20,14595.3
12,14595.3
29,14595.6
5,14596.1
8,14596.9
30,14597.0
26,14597.0
27,14599.1
25,14602.0
2,14604.8
3,14604.8
8,14605.9
17,14606.3
27,14606.5
26,14606.5
18,14606.9
24,14607.1
13,14608.9
14,14609.9
16,14610.2
11,14610.9
31,14611.2
22,14611.5
23,14613.2
3,14615.1
12,14617.1
27,14619.7
20,14623.4
30,14628.1
3,14629.3
12,14629.4
14,14629.6
29,14629.7
21,14630.2
5,14630.3
19,14631.1
23,14631.2
20,14631.3
30,14633.4
25,14636.5
8,14638.1
26,14638.3
27,14639.1
14,14639.4
21,14640.2
30,14643.6
12,14644.7
23,14645.2
13,14645.5
14,14646.0
3,14646.5
19,14647.6
22,14648.0
31,14648.4
21,14649.0
30,14651.8
8,14654.1
14,14654.1
23,14655.9
26,14656.2
30,14665.5
12,14665.8
20,14665.9
3,14666.0
29,14666.2
5,14666.8
25,14673.0
8,14674.8
26,14675.0
27,14676.3
30,14681.5
12,14682.9
13,14684.6
14,14685.1
23,14686.3
22,14687.3
31,14687.8
20,14688.4
21,14689.1
30,14690.1
19,14690.3
8,14692.1
14,14692.3
26,14695.0
23,14699.3
30,14704.8
12,14705.4
3,14705.6
29,14705.7
20,14705.8
5,14706.5
25,14712.8
12,14713.5
14,14714.0
8,14714.2
26,14714.2
5,14714.3
19,14714.4
27,14715.8
20,14720.2
30,14720.3
12,14720.3
5,14721.2
14,14721.3
19,14721.6
14,14726.7
13,14728.1
23,14728.5
19,14728.6
12,14728.7
8,14729.7
26,14729.9
21,14730.2
5,14730.2
30,14730.4
22,14730.6
31,14731.3
14,14732.2
19,14740.2
14,14743.1
23,14743.2
12,14748.8
30,14748.8
5,14749.3
20,14749.6
3,14749.6
29,14749.8
25,14756.9
8,14758.1
26,14758.3
12,14759.3
27,14759.6
5,14760.3
14,14761.1
19,14761.2
30,14766.6
12,14769.1
5,14771.8
14,14773.7
19,14774.4
21,14776.3
30,14776.6
8,14776.8
23,14778.6
26,14778.8
14,14779.9
13,14781.9
7,14783.0
5,14783.5
28,14783.8
14,14784.1
31,14784.7
22,14784.8
14,14788.8
7,14790.7
23,14792.2
5,14792.4
28,14792.6
19,14793.7
14,14794.8
12,14796.9
5,14798.7
14,14801.8
19,14803.3
12,14809.1
5,14809.3
29,14811.0
20,14811.0
3,14811.1
30,14811.2
8,14815.0
26,14815.2
27,14816.7
12,14818.5
5,14820.6
14,14822.9
7,14827.1
28,14828.1
5,14830.0
14,14830.9
8,14832.0
12,14834.5
19,14834.6
5,14836.5
14,14837.4
19,14850.4
14,14852.0
5,14853.9
12,14856.7
14,14860.5
7,14861.2
28,14862.5
5,14864.5
14,14873.1
5,14875.7
19,14875.9
12,14876.3
14,14881.8
5,14890.2
14,14895.5
7,14897.3
28,14898.4
5,14900.5
14,14906.8
14,14922.8
5,14923.1
8,14923.1
19,14923.2
26,14923.3
12,14923.6
27,14924.5
8,14929.9
26,14930.1
27,14932.6
14,14933.2
5,14933.8
7,14935.9
28,14937.0
8,14939.2
26,14939.8
14,14942.1
5,14950.9
2,14951.0
13,14951.2
8,14967.1
26,14967.4
13,14968.2
27,14969.1
14,14977.4
13,14978.0
21,14978.0
29,14978.0
11,14978.1
7,14978.7
1,14979.6
22,14979.7
5,14979.7
28,14979.8
8,14980.7
26,14983.1
13,14985.9
21,14986.5
29,14987.4
11,14987.5
14,14990.9
13,14992.2
2,14992.3
1,14993.9
22,14994.1
21,14994.3
29,14995.0
11,14995.1
