13,88.7
28,88.9
26,89.0
4,89.1
16,89.4
9,89.5
20,89.6
12,89.7
19,89.8
29,90.0
7,90.1
27,90.1
3,90.2
18,90.9
2,90.9
31,91.0
5,91.2
23,91.7
30,91.9
13,92.0
22,92.5
1,92.5
10,92.7
26,92.9
11,93.8
16,94.0
28,94.0
17,94.1
21,94.1
12,94.5
6,94.6
9,95.6
4,95.7
29,96.2
13,96.6
20,97.1
7,97.2
3,97.4
19,97.7
27,97.9
26,98.1
28,99.7
2,99.9
4,100.1
18,100.6
9,101.2
16,101.8
1,102.0
10,102.1
12,103.3
13,104.2
31,104.3
26,104.6
20,104.6
11,105.2
19,107.1
4,107.1
3,107.3
28,109.6
5,111.4
9,112.7
23,112.7
2,112.7
29,113.8
26,119.3
13,123.8
27,126.6
13,168.4
26,168.6
28,168.6
4,168.8
9,169.1
16,169.1
20,169.2
12,169.3
19,169.4
29,169.7
27,169.8
7,169.8
3,169.9
2,170.4
18,170.5
31,170.7
5,170.9
23,171.4
30,171.5
13,171.7
1,171.9
22,172.1
10,172.2
26,172.5
11,173.2
28,173.3
17,173.5
21,173.5
16,173.6
6,174.0
12,174.1
4,175.0
9,175.1
29,175.7
13,176.1
20,176.4
3,176.7
7,176.7
19,176.8
27,177.0
26,177.2
2,178.7
28,178.8
4,179.3
18,179.8
9,180.9
1,180.9
16,181.0
10,181.1
12,182.4
31,182.8
13,183.0
26,183.4
20,183.8
11,184.4
19,186.3
4,186.6
3,186.6
23,188.1
28,188.1
5,188.4
29,190.2
9,193.2
2,193.4
26,196.7
13,200.2
13,248.3
26,248.5
28,248.5
4,248.8
16,248.9
9,249.1
20,249.2
12,249.2
19,249.3
29,249.6
7,249.6
27,249.7
3,249.8
2,250.4
18,250.4
31,250.5
5,250.7
23,251.2
13,251.4
30,251.4
22,251.9
1,251.9
10,252.2
26,252.4
11,253.2
16,253.4
28,253.4
21,253.4
17,253.4
6,253.9
12,254.0
9,254.9
4,255.0
13,255.6
29,255.6
20,256.1
3,256.5
19,256.6
7,256.6
27,256.9
26,257.1
2,258.5
28,258.7
4,259.4
18,259.8
9,260.7
16,260.8
1,260.9
10,261.0
12,262.2
13,262.4
31,262.6
26,263.2
20,263.7
11,264.6
19,265.8
3,266.3
4,266.9
23,268.0
5,268.1
28,268.3
29,270.0
9,273.1
2,273.5
26,276.0
13,277.5
30,284.5
13,633.6
26,633.8
28,633.8
4,634.0
16,634.2
9,634.3
20,634.4
12,634.5
19,634.6
7,634.9
29,634.9
27,635.0
3,635.1
18,635.7
2,635.8
31,635.9
5,636.0
23,636.5
30,636.7
13,636.8
22,637.3
1,637.4
26,637.6
10,637.6
11,638.7
28,638.7
16,638.7
21,638.8
17,639.0
12,639.3
6,639.3
9,640.5
4,640.5
29,641.1
13,641.2
20,641.6
7,641.9
19,642.0
3,642.0
26,642.5
27,642.6
2,643.9
28,644.1
4,645.1
18,645.6
1,646.4
9,646.5
10,646.5
16,646.5
12,648.0
13,648.6
31,648.8
26,648.9
20,649.4
11,650.6
19,652.0
3,652.3
4,653.2
28,654.2
23,655.5
5,655.8
2,657.5
29,657.6
9,660.5
26,663.2
13,666.3
27,674.2
13,713.3
28,713.5
26,713.5
4,713.8
16,714.0
9,714.1
20,714.2
12,714.2
19,714.4
29,714.6
27,714.7
7,714.7
3,714.8
18,715.4
2,715.5
31,715.6
5,715.8
23,716.3
30,716.4
13,716.6
1,716.9
22,717.0
10,717.2
26,717.4
11,718.2
21,718.4
17,718.4
28,718.4
16,718.5
6,718.9
12,719.0
4,719.8
9,719.9
29,720.6
20,720.9
13,721.0
19,721.3
3,721.4
7,721.6
27,721.9
26,721.9
2,723.1
28,723.7
4,724.6
18,724.8
1,725.8
9,725.8
16,725.9
10,725.9
12,727.3
31,727.7
13,727.9
26,728.1
20,728.5
11,730.1
19,731.0
3,731.4
4,732.7
23,733.1
5,733.3
28,733.6
29,735.1
2,738.8
9,739.5
26,741.4
13,745.1
13,793.3
26,793.5
28,793.5
4,793.8
16,793.9
9,794.1
12,794.2
20,794.2
19,794.3
29,794.6
7,794.6
27,794.7
3,794.8
18,795.4
2,795.4
31,795.5
5,795.7
23,796.1
30,796.3
13,796.4
22,796.9
1,796.9
10,797.2
26,797.4
11,798.2
28,798.4
21,798.4
17,798.5
16,798.5
12,798.8
6,798.8
4,799.6
9,799.8
20,800.6
29,800.6
13,800.8
19,801.1
3,801.2
7,801.4
26,801.7
27,801.9
2,802.9
28,803.8
4,804.5
18,804.6
10,805.8
1,805.8
9,805.9
16,805.9
12,806.9
31,807.4
13,807.8
26,808.1
20,808.5
19,810.7
11,811.0
3,811.3
23,812.9
5,813.0
4,813.2
28,814.2
29,815.0
2,818.9
9,820.8
26,822.3
13,823.5
30,830.1
7,837.8
13,873.2
26,873.5
28,873.5
16,873.9
4,873.9
12,874.1
9,874.1
20,874.2
19,874.4
7,874.5
29,874.5
27,874.6
3,874.7
18,875.3
31,875.4
2,875.5
5,875.6
23,876.1
30,876.3
13,876.4
22,876.8
1,877.1
26,877.2
10,877.3
28,878.2
16,878.3
11,878.3
17,878.4
21,878.4
6,878.8
12,878.9
9,879.9
4,880.0
29,880.5
13,880.8
20,881.0
3,881.4
19,881.4
7,881.5
27,882.0
26,882.6
2,883.3
28,884.2
4,884.6
18,884.7
16,885.7
9,885.7
1,886.7
10,886.9
12,887.1
31,887.5
13,887.8
26,888.7
20,888.8
11,889.3
19,890.8
3,891.5
4,891.6
23,892.8
5,892.9
28,893.1
29,894.9
9,898.8
2,899.0
26,901.0
13,904.0
4,940.9
26,941.5
28,941.8
1,943.1
9,943.1
10,943.3
20,943.3
2,943.4
19,944.3
11,944.3
3,945.7
4,947.2
26,956.2
9,956.5
20,959.2
4,962.9
2,969.8
28,976.1
13,1258.5
28,1258.7
26,1258.7
4,1258.9
16,1259.1
9,1259.3
20,1259.3
12,1259.4
19,1259.5
29,1259.8
27,1259.9
7,1259.9
3,1260.0
2,1260.7
18,1260.7
31,1260.8
5,1261.0
23,1261.5
30,1261.7
13,1261.8
22,1262.2
1,1262.3
10,1262.4
26,1262.7
11,1263.5
28,1263.7
16,1263.8
21,1263.8
17,1263.9
12,1264.3
6,1264.3
4,1264.7
9,1264.9
20,1265.7
29,1266.0
19,1266.2
3,1266.3
13,1266.4
7,1267.0
26,1267.0
27,1267.7
2,1268.0
28,1269.4
4,1269.9
18,1270.4
1,1271.4
10,1271.4
16,1271.5
9,1271.5
12,1273.0
31,1273.5
26,1273.7
20,1273.8
13,1274.0
19,1276.5
3,1277.4
11,1279.2
4,1279.3
23,1280.5
5,1280.9
28,1281.0
29,1282.5
2,1283.2
26,1289.2
9,1290.2
13,1292.8
27,1296.5
13,1338.3
26,1338.5
28,1338.5
4,1338.7
16,1338.9
9,1339.0
20,1339.1
12,1339.2
19,1339.3
29,1339.5
7,1339.6
27,1339.7
3,1339.8
18,1340.3
2,1340.4
31,1340.5
5,1340.8
23,1341.1
30,1341.3
13,1341.4
1,1341.8
22,1342.0
10,1342.1
26,1342.4
11,1343.1
28,1343.2
21,1343.4
17,1343.4
16,1343.5
6,1343.8
12,1343.9
4,1344.2
9,1344.5
20,1345.3
29,1345.6
19,1345.8
13,1345.8
3,1345.9
7,1346.7
26,1346.7
27,1346.9
2,1347.5
28,1348.7
4,1349.1
18,1349.5
1,1350.6
10,1350.8
16,1350.8
9,1351.0
12,1351.9
31,1352.7
13,1352.8
26,1353.4
20,1353.4
19,1355.8
3,1356.2
23,1357.4
11,1357.9
4,1358.2
5,1358.3
29,1359.1
28,1359.8
2,1365.7
9,1368.6
13,1369.3
26,1369.5
13,1418.2
28,1418.4
26,1418.4
4,1418.7
16,1418.8
9,1419.0
20,1419.1
12,1419.1
19,1419.2
7,1419.5
29,1419.5
27,1419.6
3,1419.7
18,1420.3
2,1420.4
31,1420.5
5,1420.6
23,1421.1
13,1421.3
30,1421.3
1,1421.8
22,1421.9
10,1422.1
26,1422.3
11,1423.1
28,1423.2
21,1423.3
16,1423.3
17,1423.4
6,1423.8
12,1423.9
4,1424.0
9,1424.3
20,1425.0
13,1425.5
29,1425.5
19,1425.5
3,1425.7
26,1426.5
7,1426.5
27,1426.8
2,1427.4
28,1428.8
4,1429.1
18,1429.7
16,1430.7
9,1430.8
1,1431.0
10,1431.0
12,1432.2
13,1432.3
31,1432.5
26,1433.0
20,1433.2
19,1435.7
3,1436.0
23,1437.6
5,1438.0
4,1438.5
29,1439.3
11,1439.3
28,1440.5
2,1446.1
13,1447.2
26,1448.0
9,1448.3
30,1454.4
7,1460.1
13,1498.2
26,1498.5
28,1498.5
4,1498.8
16,1498.8
9,1499.0
20,1499.1
12,1499.1
19,1499.3
7,1499.5
29,1499.5
27,1499.6
3,1499.7
18,1500.3
31,1500.5
2,1500.5
5,1500.6
23,1501.1
13,1501.3
30,1501.3
22,1501.8
1,1502.0
10,1502.2
26,1502.2
28,1503.2
11,1503.2
16,1503.4
17,1503.4
21,1503.4
6,1503.8
12,1503.9
4,1504.3
9,1504.6
20,1505.3
29,1505.5
13,1505.5
19,1505.7
3,1505.8
7,1506.5
26,1506.5
27,1506.8
2,1507.6
28,1508.9
4,1509.2
18,1509.7
16,1510.7
1,1510.9
9,1510.9
10,1510.9
12,1512.1
13,1512.3
31,1512.5
26,1512.8
20,1513.3
19,1515.5
3,1516.2
23,1517.6
5,1517.9
11,1518.1
4,1518.3
29,1519.9
28,1520.4
2,1525.9
26,1527.2
13,1527.4
9,1527.6
30,1549.5
26,1568.4
28,1568.6
4,1568.9
1,1570.0
10,1570.2
11,1571.2
4,1575.3
9,1575.7
20,1575.8
2,1575.9
19,1576.8
3,1578.3
26,1583.0
4,1585.5
9,1589.3
20,1591.9
2,1602.9
13,1883.4
28,1883.7
26,1883.7
4,1883.9
16,1884.1
9,1884.2
20,1884.3
12,1884.3
19,1884.5
29,1884.7
7,1884.8
3,1884.9
27,1884.9
18,1885.6
2,1885.7
31,1885.7
5,1885.9
23,1886.4
30,1886.6
13,1886.7
22,1887.1
1,1887.3
10,1887.4
26,1887.6
11,1888.5
28,1888.6
16,1888.6
21,1888.7
17,1888.8
12,1889.2
6,1889.2
4,1889.6
9,1889.9
20,1890.5
29,1890.9
19,1891.1
3,1891.2
13,1891.3
7,1891.9
26,1891.9
27,1892.5
2,1892.8
28,1894.4
4,1894.7
18,1895.3
16,1896.4
1,1896.5
10,1896.5
9,1896.5
12,1897.9
31,1898.4
26,1898.6
13,1898.9
20,1898.9
19,1901.6
3,1902.4
4,1904.2
11,1905.3
23,1905.4
5,1905.8
28,1906.0
29,1907.4
2,1908.8
26,1914.2
9,1916.1
13,1917.2
27,1920.3
13,1963.2
28,1963.4
26,1963.5
4,1963.7
16,1963.8
9,1964.0
20,1964.1
12,1964.1
19,1964.3
29,1964.5
27,1964.6
7,1964.6
3,1964.7
18,1965.3
2,1965.4
31,1965.5
5,1965.7
23,1966.1
30,1966.3
13,1966.5
1,1966.8
22,1966.9
10,1967.1
26,1967.3
11,1968.1
28,1968.2
17,1968.3
21,1968.3
16,1968.3
6,1968.8
12,1968.9
4,1969.1
9,1969.4
20,1970.1
29,1970.4
19,1970.6
3,1970.7
13,1970.9
7,1971.5
26,1971.5
27,1971.8
2,1972.4
28,1973.8
4,1974.1
18,1974.1
16,1975.4
1,1975.6
9,1975.8
10,1975.9
12,1977.2
31,1977.4
13,1977.8
26,1978.0
20,1978.1
19,1980.6
3,1981.2
23,1981.4
4,1983.2
5,1983.2
11,1983.7
29,1983.9
28,1985.0
2,1992.3
9,1992.6
26,1993.0
13,1995.0
16,2002.3
13,2043.1
28,2043.4
26,2043.4
4,2043.7
16,2043.8
9,2044.0
12,2044.1
20,2044.1
19,2044.2
7,2044.4
29,2044.4
27,2044.6
3,2044.7
18,2045.3
2,2045.4
31,2045.4
5,2045.6
23,2046.0
30,2046.2
13,2046.3
22,2046.8
1,2046.8
10,2047.1
26,2047.3
11,2048.1
28,2048.2
21,2048.3
16,2048.4
17,2048.4
6,2048.7
12,2048.8
4,2049.0
9,2049.3
20,2050.0
19,2050.5
29,2050.6
13,2050.7
3,2050.7
7,2051.4
26,2051.5
27,2051.8
2,2052.4
28,2053.9
4,2054.0
18,2054.5
9,2055.7
16,2055.8
10,2056.0
1,2056.1
12,2056.8
31,2057.7
13,2057.7
26,2058.0
20,2058.0
19,2060.5
3,2061.1
23,2062.6
5,2063.0
4,2063.4
11,2064.9
29,2065.0
28,2065.5
2,2072.0
9,2072.5
13,2073.4
26,2073.6
30,2080.2
7,2084.8
13,2123.1
26,2123.4
28,2123.4
4,2123.7
16,2123.8
9,2123.9
12,2124.0
20,2124.1
19,2124.2
29,2124.4
7,2124.4
27,2124.5
3,2124.6
18,2125.2
31,2125.4
2,2125.4
5,2125.5
23,2126.0
30,2126.2
13,2126.3
22,2126.7
1,2127.0
26,2127.1
10,2127.2
28,2128.1
16,2128.2
11,2128.2
21,2128.3
17,2128.3
6,2128.7
12,2128.8
4,2129.3
9,2129.5
20,2130.2
29,2130.4
13,2130.7
19,2130.7
3,2130.7
26,2131.4
7,2131.4
27,2131.9
2,2132.5
28,2133.6
4,2134.3
18,2134.6
16,2135.6
9,2135.9
10,2136.0
1,2136.0
12,2137.0
31,2137.4
26,2137.7
13,2137.7
20,2138.1
19,2140.6
3,2141.1
23,2142.6
5,2142.8
4,2143.4
11,2143.6
28,2144.8
29,2144.8
2,2150.8
26,2152.1
9,2152.5
13,2153.9
26,2196.0
28,2196.2
4,2196.5
1,2197.6
10,2197.8
11,2198.8
26,2211.3
4,2226.1
13,2508.4
28,2508.6
26,2508.6
4,2508.8
16,2509.0
9,2509.2
20,2509.2
12,2509.3
19,2509.5
29,2509.7
7,2509.8
27,2509.8
3,2509.9
18,2510.6
2,2510.6
31,2510.7
5,2510.9
23,2511.4
30,2511.6
13,2511.7
22,2512.1
1,2512.2
10,2512.4
26,2512.6
11,2513.4
28,2513.5
16,2513.7
17,2513.8
21,2513.8
6,2514.2
4,2514.2
12,2514.2
9,2514.5
20,2515.2
19,2515.7
29,2515.9
3,2515.9
13,2516.3
7,2516.9
26,2516.9
27,2517.6
2,2517.6
28,2519.4
4,2519.6
18,2520.3
9,2521.3
16,2521.4
10,2521.7
1,2521.8
12,2522.9
31,2523.5
20,2523.6
13,2523.9
26,2524.1
19,2526.6
3,2527.2
4,2529.7
23,2530.4
5,2530.8
28,2531.6
29,2532.4
11,2532.9
2,2534.8
26,2541.0
9,2542.3
13,2542.7
27,2546.0
13,2588.2
26,2588.4
28,2588.4
4,2588.6
16,2588.8
20,2589.0
9,2589.0
12,2589.1
19,2589.2
7,2589.5
29,2589.5
27,2589.6
3,2589.7
2,2590.3
18,2590.3
31,2590.4
5,2590.7
23,2591.1
30,2591.2
13,2591.3
1,2591.8
22,2591.9
10,2592.0
26,2592.3
11,2592.9
28,2593.1
17,2593.3
21,2593.3
16,2593.4
6,2593.7
4,2593.7
12,2593.8
9,2594.2
20,2594.8
19,2595.4
29,2595.5
3,2595.6
13,2595.7
26,2596.6
7,2596.6
27,2596.8
2,2597.2
4,2599.0
28,2599.1
18,2599.5
9,2600.7
16,2600.8
1,2601.2
10,2601.4
12,2601.8
31,2602.6
13,2602.7
20,2603.2
26,2603.4
19,2605.7
3,2606.2
23,2607.9
5,2608.2
4,2608.7
29,2609.4
28,2611.2
11,2611.7
13,2619.3
9,2619.8
2,2619.8
26,2620.3
13,2668.1
28,2668.3
26,2668.3
4,2668.6
16,2668.7
9,2668.9
12,2669.0
20,2669.0
19,2669.1
7,2669.4
29,2669.4
27,2669.5
3,2669.6
18,2670.2
2,2670.3
31,2670.4
5,2670.5
23,2671.0
13,2671.2
30,2671.2
1,2671.8
22,2671.8
10,2672.0
26,2672.2
11,2672.9
28,2673.0
21,2673.2
16,2673.3
17,2673.3
4,2673.6
6,2673.7
12,2673.8
9,2674.0
20,2674.7
19,2675.2
29,2675.4
13,2675.4
3,2675.4
7,2676.4
26,2676.5
27,2676.8
2,2677.2
28,2678.8
4,2678.9
18,2679.6
9,2680.5
16,2680.7
10,2681.3
1,2681.3
12,2682.1
13,2682.2
31,2682.4
20,2682.9
26,2683.3
19,2685.4
3,2686.2
23,2687.8
5,2687.9
4,2688.6
29,2689.9
28,2690.8
11,2692.9
13,2697.0
9,2698.4
26,2700.1
2,2700.9
30,2705.3
7,2710.9
13,2748.1
28,2748.4
26,2748.4
4,2748.7
16,2748.7
9,2748.9
20,2749.0
12,2749.0
19,2749.2
7,2749.4
29,2749.4
27,2749.5
3,2749.6
18,2750.2
31,2750.4
2,2750.4
5,2750.5
23,2751.0
30,2751.2
13,2751.2
22,2751.7
1,2751.9
26,2752.1
10,2752.1
28,2753.0
11,2753.1
17,2753.3
16,2753.3
21,2753.3
6,2753.7
12,2753.8
4,2753.9
9,2754.3
20,2755.0
29,2755.4
19,2755.4
13,2755.4
3,2755.7
26,2756.4
7,2756.4
27,2756.7
2,2757.3
28,2758.8
4,2759.1
18,2759.6
16,2760.7
9,2760.8
10,2761.1
1,2761.2
12,2762.0
13,2762.2
31,2762.4
26,2762.9
20,2763.2
19,2765.4
3,2766.2
23,2767.7
5,2767.8
4,2768.5
29,2769.9
11,2770.6
28,2770.8
13,2777.3
26,2778.5
9,2778.6
2,2779.8
13,3133.4
28,3133.6
26,3133.6
4,3133.9
16,3134.0
9,3134.2
12,3134.3
20,3134.3
19,3134.6
29,3134.7
7,3134.7
27,3134.9
3,3134.9
18,3135.6
31,3135.8
2,3135.9
5,3136.0
23,3136.5
13,3136.6
30,3136.7
22,3137.3
26,3137.6
1,3137.7
10,3137.9
28,3138.5
16,3138.7
11,3139.1
12,3139.1
4,3139.1
17,3139.4
21,3139.5
9,3139.5
20,3140.2
6,3140.3
19,3140.8
3,3141.1
29,3141.1
13,3141.3
26,3142.2
7,3142.2
27,3142.8
2,3143.1
4,3144.4
28,3144.6
18,3146.2
9,3146.4
16,3147.0
12,3148.3
10,3148.9
13,3149.0
1,3149.3
20,3149.5
26,3149.8
31,3152.2
19,3153.3
3,3154.2
4,3155.4
28,3160.0
13,3213.2
28,3213.4
26,3213.4
4,3213.7
16,3213.8
9,3214.0
20,3214.1
12,3214.1
19,3214.3
29,3214.5
27,3214.6
7,3214.6
3,3214.7
18,3215.4
2,3215.6
31,3215.6
5,3215.8
13,3216.3
23,3216.3
30,3216.5
22,3217.1
26,3217.3
1,3217.3
10,3217.5
28,3218.1
16,3218.4
11,3218.6
4,3218.7
12,3219.0
17,3219.0
9,3219.1
21,3219.3
6,3219.7
20,3219.9
19,3220.4
3,3220.7
29,3220.7
13,3220.8
26,3221.8
7,3221.8
27,3222.4
2,3222.6
4,3224.1
28,3224.2
9,3225.8
18,3225.9
16,3226.3
12,3227.6
13,3227.9
10,3228.1
1,3228.4
20,3228.8
26,3229.0
31,3230.5
19,3231.8
3,3233.4
4,3234.9
28,3238.5
29,3243.1
13,3253.6
13,3293.1
28,3293.4
26,3293.4
4,3293.7
16,3293.8
9,3294.0
12,3294.1
20,3294.1
19,3294.3
7,3294.5
29,3294.5
27,3294.6
3,3294.7
18,3295.4
2,3295.5
31,3295.6
5,3295.8
23,3296.3
13,3296.3
30,3296.5
22,3297.1
26,3297.2
1,3297.3
10,3297.5
28,3297.9
16,3298.3
11,3298.6
4,3298.7
12,3298.8
17,3299.0
9,3299.1
21,3299.2
20,3299.8
6,3299.8
19,3300.3
29,3300.7
3,3300.7
13,3300.8
26,3301.5
7,3301.7
27,3302.1
2,3302.6
28,3303.9
4,3303.9
18,3305.6
9,3305.8
16,3305.9
12,3307.4
13,3307.9
10,3308.3
26,3308.5
20,3308.5
1,3308.7
31,3310.3
19,3311.7
3,3313.3
4,3314.4
28,3317.2
29,3322.4
13,3330.2
13,3373.1
26,3373.4
28,3373.4
4,3373.7
16,3373.8
12,3374.0
9,3374.0
20,3374.1
19,3374.3
7,3374.4
29,3374.4
27,3374.6
3,3374.7
18,3375.4
2,3375.5
31,3375.5
5,3375.8
13,3376.2
23,3376.2
30,3376.4
22,3377.0
26,3377.2
1,3377.3
10,3377.5
28,3378.0
16,3378.3
11,3378.7
12,3378.9
17,3379.0
4,3379.0
21,3379.2
9,3379.3
6,3379.7
20,3380.0
13,3380.5
19,3380.5
3,3380.7
29,3380.8
26,3381.4
7,3381.6
27,3382.1
2,3382.7
28,3383.9
4,3384.2
18,3385.6
16,3385.9
9,3386.1
12,3387.4
13,3387.4
10,3387.6
1,3388.3
26,3388.4
20,3388.8
31,3390.6
19,3391.7
3,3392.6
4,3394.5
28,3397.2
13,3407.0
29,3408.1
13,3758.4
4,3758.4
26,3759.0
28,3759.2
12,3759.3
20,3759.4
18,3759.4
19,3759.6
29,3759.7
7,3759.8
3,3759.9
17,3759.9
16,3759.9
10,3760.0
9,3760.7
31,3760.8
2,3760.9
23,3761.5
13,3761.6
27,3761.7
30,3761.8
22,3762.4
1,3762.7
25,3762.9
4,3762.9
26,3763.6
11,3764.1
12,3764.1
18,3764.9
28,3765.0
20,3765.2
6,3765.4
19,3765.8
29,3766.1
3,3766.1
13,3766.1
10,3766.4
4,3767.1
7,3767.2
9,3767.4
17,3767.7
16,3768.1
2,3768.1
26,3769.1
12,3773.1
13,3773.6
4,3773.9
28,3774.1
20,3774.5
1,3774.7
18,3777.0
31,3777.2
19,3777.5
3,3779.2
10,3779.8
26,3780.7
4,3793.3
29,3798.0
4,3838.1
13,3838.2
26,3838.8
28,3839.0
12,3839.1
20,3839.1
18,3839.2
19,3839.3
29,3839.5
17,3839.6
7,3839.6
16,3839.7
3,3839.7
10,3839.7
9,3840.5
31,3840.6
2,3840.6
27,3841.2
23,3841.3
13,3841.3
30,3841.5
22,3842.1
1,3842.3
25,3842.5
4,3842.6
26,3843.2
11,3843.6
12,3843.8
28,3844.4
18,3844.5
6,3844.7
20,3844.9
19,3845.3
29,3845.7
3,3845.7
13,3845.8
10,3846.0
4,3846.6
7,3846.8
17,3847.0
9,3847.1
16,3847.4
2,3847.7
26,3848.7
12,3852.1
13,3852.9
4,3853.1
28,3853.1
1,3853.4
20,3853.8
31,3855.1
18,3855.8
19,3856.3
10,3858.1
3,3858.4
26,3859.9
29,3863.0
4,3870.5
13,3871.7
4,3918.1
13,3918.1
26,3918.7
12,3919.0
28,3919.0
20,3919.1
18,3919.1
19,3919.2
29,3919.5
17,3919.5
7,3919.5
16,3919.6
3,3919.7
10,3919.7
9,3920.4
31,3920.5
2,3920.6
27,3921.2
23,3921.2
13,3921.3
30,3921.5
22,3922.1
1,3922.3
25,3922.4
4,3922.5
26,3923.2
11,3923.5
12,3923.8
28,3924.4
18,3924.4
6,3924.8
20,3924.8
19,3925.3
3,3925.7
29,3925.7
13,3925.8
10,3925.8
4,3926.5
7,3926.7
17,3927.1
9,3927.1
16,3927.5
2,3927.7
26,3928.8
12,3932.3
28,3932.8
13,3932.9
4,3933.0
20,3933.5
1,3933.6
31,3935.0
18,3935.1
19,3936.3
10,3938.0
3,3938.3
26,3939.9
29,3943.2
4,3949.6
13,3951.5
13,3998.1
4,3998.1
26,3998.7
28,3999.0
12,3999.0
20,3999.1
18,3999.1
19,3999.2
29,3999.4
7,3999.4
17,3999.5
16,3999.6
10,3999.7
3,3999.7
9,4000.4
31,4000.5
2,4000.6
13,4001.2
23,4001.2
27,4001.2
30,4001.4
22,4002.0
1,4002.3
25,4002.3
4,4002.5
26,4003.3
11,4003.6
12,4003.9
18,4004.4
28,4004.6
6,4004.7
20,4005.0
29,4005.5
13,4005.5
19,4005.5
3,4005.7
10,4006.0
4,4006.5
7,4006.6
17,4007.1
9,4007.2
16,4007.5
2,4007.7
26,4008.8
12,4012.3
13,4012.4
4,4012.8
28,4013.0
1,4013.3
20,4013.8
31,4014.6
18,4015.1
19,4016.3
3,4017.6
10,4017.7
26,4019.6
29,4023.3
4,4027.5
13,4029.7
9,4031.4
4,4383.0
13,4383.4
28,4384.2
20,4384.4
18,4384.4
19,4384.6
26,4384.6
29,4384.7
7,4384.8
17,4384.8
16,4384.9
3,4384.9
22,4385.0
10,4385.0
12,4385.0
9,4385.7
31,4385.8
2,4385.9
23,4386.5
4,4386.5
13,4386.6
27,4386.7
30,4386.8
21,4387.1
1,4387.7
25,4387.7
11,4389.1
4,4389.8
18,4389.9
28,4390.0
20,4390.2
26,4390.3
6,4390.4
19,4390.8
13,4391.1
29,4391.1
3,4391.1
10,4391.3
22,4391.6
7,4392.2
9,4392.5
17,4392.8
16,4393.1
2,4393.1
12,4393.7
4,4394.1
13,4398.6
26,4399.0
28,4399.1
20,4399.5
1,4399.7
4,4400.9
18,4402.0
31,4402.1
19,4402.5
10,4403.6
3,4404.2
29,4412.0
4,4426.8
4,4462.8
13,4463.2
28,4464.0
20,4464.1
18,4464.2
19,4464.3
26,4464.4
29,4464.5
7,4464.6
17,4464.6
12,4464.7
10,4464.7
3,4464.7
22,4464.7
16,4464.7
9,4465.4
31,4465.5
2,4465.6
4,4466.2
23,4466.3
27,4466.3
13,4466.3
30,4466.5
21,4466.7
1,4467.4
25,4467.4
11,4468.6
28,4469.4
4,4469.4
18,4469.5
26,4469.9
20,4469.9
6,4470.0
19,4470.3
3,4470.7
29,4470.7
13,4470.8
10,4471.0
22,4471.2
7,4471.8
9,4472.1
17,4472.3
16,4472.5
2,4472.7
12,4473.1
4,4473.6
13,4477.9
28,4478.1
26,4478.3
20,4478.8
1,4478.9
31,4479.8
4,4480.2
18,4480.7
19,4481.3
10,4482.7
3,4483.4
29,4487.0
13,4494.3
4,4496.4
9,4499.9
22,4506.2
4,4542.7
13,4543.1
28,4544.0
18,4544.1
20,4544.1
19,4544.2
26,4544.3
29,4544.4
17,4544.5
7,4544.5
16,4544.6
3,4544.7
10,4544.7
22,4544.7
12,4544.7
9,4545.4
31,4545.5
2,4545.6
4,4546.1
27,4546.2
23,4546.2
13,4546.3
30,4546.5
21,4546.5
25,4547.3
1,4547.4
11,4548.5
4,4549.3
28,4549.4
18,4549.4
20,4549.8
26,4549.9
6,4549.9
19,4550.3
3,4550.7
29,4550.7
10,4550.8
13,4550.8
22,4551.1
7,4551.7
9,4551.9
17,4552.1
16,4552.5
2,4552.7
12,4553.1
4,4553.4
28,4557.9
13,4557.9
26,4558.4
20,4558.5
1,4559.2
31,4559.7
18,4560.0
4,4560.1
19,4561.3
10,4562.7
3,4563.3
29,4567.1
22,4572.9
13,4574.4
4,4575.8
9,4576.4
4,4622.7
13,4623.1
28,4624.0
20,4624.1
18,4624.1
19,4624.2
26,4624.3
29,4624.4
7,4624.4
17,4624.5
22,4624.6
16,4624.6
3,4624.7
10,4624.7
12,4624.7
9,4625.4
31,4625.5
2,4625.6
4,4626.1
23,4626.1
27,4626.2
13,4626.2
30,4626.4
21,4626.5
25,4627.3
1,4627.4
11,4628.6
4,4629.4
18,4629.4
28,4629.6
6,4629.8
20,4630.0
26,4630.0
29,4630.5
19,4630.5
13,4630.5
3,4630.7
22,4630.9
10,4631.0
7,4631.6
17,4632.1
9,4632.1
16,4632.5
2,4632.7
12,4632.9
4,4633.6
13,4637.3
28,4638.0
1,4638.3
26,4638.5
20,4638.8
31,4639.3
18,4640.0
4,4640.2
19,4641.3
10,4642.4
3,4642.6
29,4646.5
9,4650.7
22,4650.7
13,4653.2
4,4655.3
4,5008.0
13,5008.7
28,5009.1
29,5009.2
20,5009.4
18,5009.4
19,5009.6
26,5009.6
17,5009.8
22,5009.9
16,5009.9
3,5009.9
2,5010.0
10,5010.0
9,5010.7
4,5011.5
27,5011.7
21,5011.9
7,5012.3
12,5012.4
13,5012.7
25,5012.7
0,5012.7
1,5012.7
29,5013.2
28,5013.7
6,5014.0
11,5014.1
4,5014.7
18,5014.9
31,5015.0
20,5015.2
26,5015.3
2,5015.6
19,5015.8
3,5016.1
10,5016.3
22,5016.7
9,5017.5
17,5017.8
16,5018.1
4,5019.1
13,5019.2
28,5019.7
29,5019.7
26,5024.1
20,5024.5
1,5024.7
2,5024.9
4,5025.9
18,5027.0
19,5027.5
10,5028.6
3,5029.2
13,5034.2
28,5034.6
29,5037.1
4,5051.6
4,5087.8
13,5088.5
29,5088.9
28,5088.9
20,5089.1
18,5089.2
19,5089.3
26,5089.4
17,5089.6
2,5089.7
22,5089.7
10,5089.7
3,5089.7
16,5089.7
9,5090.4
4,5091.2
27,5091.3
21,5091.7
7,5092.1
12,5092.2
0,5092.3
25,5092.4
1,5092.4
13,5092.4
29,5092.9
28,5093.4
11,5093.6
6,5093.7
4,5094.4
31,5094.5
18,5094.5
20,5094.9
26,5094.9
2,5095.1
19,5095.3
3,5095.7
10,5096.0
22,5096.2
9,5097.1
17,5097.3
16,5097.5
4,5098.6
13,5098.7
29,5099.1
28,5099.3
26,5103.7
20,5103.8
1,5103.9
2,5104.3
4,5105.2
18,5105.7
19,5106.3
10,5107.8
3,5108.4
13,5112.1
28,5112.6
29,5112.9
4,5121.4
22,5128.0
9,5138.1
4,5167.7
13,5168.5
28,5168.8
29,5168.9
18,5169.1
20,5169.1
19,5169.2
26,5169.4
17,5169.5
16,5169.6
2,5169.6
22,5169.7
10,5169.7
3,5169.7
9,5170.4
4,5171.1
27,5171.3
21,5171.6
7,5172.0
0,5172.1
12,5172.1
25,5172.3
1,5172.4
13,5172.4
29,5172.8
28,5173.3
11,5173.5
6,5173.5
4,5174.3
31,5174.4
18,5174.4
20,5174.8
26,5174.9
2,5175.0
19,5175.3
3,5175.7
10,5175.8
22,5176.1
9,5176.9
17,5177.1
16,5177.5
4,5178.5
13,5178.6
29,5178.8
28,5179.3
20,5183.5
26,5183.5
2,5184.1
1,5184.2
4,5185.1
18,5185.1
19,5186.3
10,5187.7
3,5188.3
29,5191.6
13,5192.2
28,5193.1
22,5197.9
4,5200.9
9,5202.3
4,5247.7
13,5248.4
28,5248.8
29,5248.8
18,5249.1
20,5249.1
19,5249.2
26,5249.4
17,5249.5
2,5249.6
16,5249.6
22,5249.6
3,5249.7
10,5249.7
9,5250.4
4,5251.1
27,5251.3
21,5251.6
7,5251.9
0,5252.1
12,5252.1
25,5252.3
1,5252.4
13,5252.5
29,5252.8
28,5253.4
6,5253.5
11,5253.6
4,5254.4
31,5254.4
18,5254.4
20,5255.0
26,5255.0
2,5255.3
19,5255.5
3,5255.7
22,5255.9
10,5256.0
9,5257.1
17,5257.1
16,5257.5
13,5258.6
4,5258.6
29,5259.0
28,5259.3
1,5263.3
26,5263.6
20,5263.8
2,5264.1
18,5265.0
4,5265.2
19,5266.3
10,5267.4
3,5267.6
29,5272.3
13,5272.4
28,5272.6
22,5275.7
9,5275.8
4,5280.3
4,5633.6
13,5633.7
28,5634.1
29,5634.1
22,5634.2
18,5634.4
26,5634.6
17,5634.8
16,5634.9
10,5635.0
6,5635.8
27,5636.7
3,5636.7
21,5636.9
7,5637.4
12,5637.5
0,5637.5
13,5637.7
25,5637.7
1,5637.7
19,5637.8
4,5638.2
29,5638.3
22,5638.7
28,5638.7
11,5639.1
20,5639.8
18,5639.9
31,5640.1
26,5640.3
2,5640.5
10,5641.3
17,5642.8
16,5643.1
4,5643.7
13,5644.3
29,5644.7
28,5644.7
6,5645.9
22,5646.7
26,5649.1
1,5649.7
18,5652.1
10,5654.4
4,5655.1
28,5660.7
13,5662.1
4,5713.4
13,5713.5
28,5713.9
22,5713.9
29,5713.9
18,5714.2
26,5714.4
17,5714.6
16,5714.7
10,5714.8
6,5715.6
27,5716.3
3,5716.5
21,5716.7
7,5717.1
19,5717.3
0,5717.3
12,5717.3
25,5717.4
13,5717.4
1,5717.4
29,5717.9
4,5717.9
22,5718.4
28,5718.4
11,5718.7
20,5719.4
18,5719.5
31,5719.5
26,5719.9
2,5720.1
10,5721.0
17,5722.3
16,5722.5
4,5723.1
13,5723.7
29,5724.2
28,5724.3
6,5725.2
22,5726.0
26,5728.7
1,5728.9
18,5730.8
10,5733.3
4,5733.6
13,5738.1
28,5738.3
29,5740.7
4,5793.4
13,5793.5
28,5793.8
29,5793.9
22,5793.9
18,5794.1
26,5794.4
17,5794.5
16,5794.6
10,5794.7
6,5795.5
27,5796.3
3,5796.5
21,5796.6
7,5797.1
0,5797.2
12,5797.2
19,5797.3
25,5797.3
1,5797.4
13,5797.4
4,5797.7
29,5797.8
28,5798.3
22,5798.3
11,5798.6
20,5799.3
18,5799.4
31,5799.4
26,5799.9
2,5799.9
10,5800.8
17,5802.1
16,5802.5
4,5803.0
13,5803.7
29,5803.8
28,5804.3
6,5804.9
22,5805.6
26,5808.5
1,5809.2
18,5810.2
10,5813.1
4,5813.5
13,5818.1
29,5818.4
28,5818.9
4,5873.4
13,5873.4
28,5873.8
29,5873.8
22,5873.8
18,5874.1
26,5874.4
17,5874.5
16,5874.6
10,5874.7
6,5875.4
27,5876.3
3,5876.5
21,5876.6
7,5877.0
0,5877.2
12,5877.2
19,5877.3
25,5877.3
1,5877.4
13,5877.5
29,5877.8
4,5877.8
22,5878.3
28,5878.4
11,5878.8
20,5879.3
31,5879.4
18,5879.4
2,5880.0
26,5880.0
10,5881.0
17,5882.1
16,5882.5
4,5882.9
13,5883.7
29,5884.0
28,5884.4
6,5885.0
22,5885.9
1,5888.3
26,5888.6
18,5890.2
4,5892.6
10,5892.7
13,5898.2
28,5898.3
29,5899.9
13,6258.7
29,6259.1
22,6259.1
16,6259.2
18,6259.4
4,6259.6
27,6259.6
17,6259.8
25,6260.0
20,6260.1
2,6260.4
28,6260.5
6,6260.7
3,6261.7
21,6261.9
5,6262.1
11,6262.2
14,6262.3
7,6262.4
0,6262.5
12,6262.5
19,6262.8
26,6262.8
13,6262.9
10,6263.0
29,6263.3
22,6263.8
16,6264.1
18,6264.9
31,6265.1
27,6266.2
4,6266.9
17,6267.8
25,6267.8
20,6268.3
28,6268.8
2,6268.9
13,6269.6
29,6269.7
6,6270.8
22,6271.7
16,6273.6
18,6277.1
13,6289.4
13,6338.5
22,6338.9
29,6338.9
16,6338.9
18,6339.2
27,6339.4
4,6339.4
17,6339.6
25,6339.7
20,6339.8
2,6340.1
28,6340.3
6,6340.6
3,6341.5
5,6341.7
21,6341.7
11,6341.8
14,6341.9
7,6342.1
19,6342.3
12,6342.3
0,6342.3
13,6342.4
26,6342.5
10,6342.8
29,6342.9
22,6343.4
16,6343.9
31,6344.5
18,6344.5
27,6345.7
4,6346.5
17,6347.0
25,6347.1
20,6347.8
28,6348.4
2,6348.5
13,6348.7
29,6349.2
6,6350.2
22,6351.1
16,6352.8
18,6355.8
13,6363.3
29,6365.7
13,6418.5
16,6418.8
29,6418.9
22,6418.9
18,6419.1
4,6419.2
27,6419.3
17,6419.5
25,6419.6
20,6419.7
2,6420.0
28,6420.2
6,6420.5
3,6421.5
21,6421.6
5,6421.6
11,6421.7
14,6421.8
7,6422.1
0,6422.2
12,6422.2
19,6422.3
13,6422.4
26,6422.6
10,6422.7
29,6422.8
22,6423.3
16,6423.7
18,6424.4
31,6424.4
27,6425.5
4,6426.4
25,6427.0
17,6427.1
20,6427.6
2,6428.1
28,6428.5
13,6428.7
29,6428.8
6,6429.9
22,6430.6
16,6432.3
18,6435.2
13,6443.3
29,6443.4
13,6498.4
22,6498.8
16,6498.8
29,6498.8
18,6499.1
4,6499.2
27,6499.3
17,6499.5
25,6499.6
20,6499.7
2,6500.0
28,6500.2
6,6500.4
3,6501.5
21,6501.6
5,6501.6
11,6501.7
14,6501.8
7,6502.0
0,6502.2
12,6502.2
19,6502.3
13,6502.5
26,6502.6
10,6502.7
29,6502.8
22,6503.3
16,6503.7
18,6504.4
31,6504.4
27,6505.5
4,6506.4
25,6507.0
17,6507.1
20,6507.6
2,6508.1
28,6508.2
13,6508.7
29,6509.0
6,6510.0
22,6510.9
16,6512.3
18,6515.2
13,6523.4
29,6524.9
22,6883.8
16,6884.1
13,6884.3
6,6884.3
18,6884.4
21,6884.5
5,6884.5
4,6884.6
27,6884.6
17,6884.8
25,6884.9
20,6885.1
29,6885.1
2,6885.3
23,6886.3
3,6886.7
11,6887.1
14,6887.2
7,6887.4
22,6887.5
0,6887.5
19,6887.8
26,6887.9
10,6888.1
16,6889.1
6,6889.4
18,6889.9
13,6890.5
5,6890.6
27,6891.0
29,6891.3
21,6891.4
28,6891.7
4,6892.0
25,6892.6
17,6892.8
22,6893.0
20,6893.2
2,6894.0
16,6898.6
6,6899.5
18,6902.1
22,6904.7
5,6908.2
13,6909.9
22,6963.6
16,6963.9
13,6964.1
6,6964.1
18,6964.2
21,6964.3
5,6964.3
4,6964.4
27,6964.4
17,6964.6
25,6964.7
20,6964.8
29,6964.9
2,6965.1
23,6966.0
3,6966.5
11,6966.8
14,6966.9
7,6967.1
22,6967.2
0,6967.3
19,6967.3
26,6967.6
10,6967.8
16,6968.9
6,6969.1
18,6969.5
5,6970.0
13,6970.2
27,6970.7
21,6970.8
29,6970.9
28,6971.4
4,6971.5
17,6972.3
25,6972.4
22,6972.5
20,6972.8
2,6973.5
16,6977.8
6,6978.6
18,6980.9
22,6982.9
5,6984.3
13,6986.4
29,6989.3
22,7043.5
16,7043.8
6,7044.0
18,7044.1
21,7044.1
13,7044.1
5,7044.2
4,7044.3
27,7044.3
17,7044.5
25,7044.6
20,7044.7
29,7044.8
2,7045.0
23,7045.9
3,7046.5
11,7046.7
14,7046.8
7,7047.1
22,7047.2
0,7047.2
19,7047.3
26,7047.6
10,7047.7
16,7048.7
6,7049.0
18,7049.4
5,7049.9
13,7049.9
27,7050.5
21,7050.7
29,7051.0
28,7051.3
4,7051.4
17,7052.1
25,7052.1
20,7052.6
22,7052.7
2,7053.1
16,7057.3
6,7058.4
18,7060.3
22,7063.4
5,7064.0
13,7065.1
29,7069.1
22,7123.5
16,7123.8
13,7124.0
6,7124.0
18,7124.1
21,7124.1
4,7124.2
5,7124.2
27,7124.3
17,7124.5
25,7124.6
20,7124.7
29,7124.8
2,7125.0
23,7125.9
3,7126.5
11,7126.7
14,7126.8
7,7127.0
22,7127.1
0,7127.2
19,7127.3
26,7127.6
10,7127.7
16,7128.7
6,7129.0
18,7129.4
5,7129.9
13,7130.0
27,7130.5
21,7130.7
29,7130.8
28,7131.3
4,7131.4
25,7132.0
17,7132.1
22,7132.4
20,7132.6
2,7133.1
16,7137.3
6,7138.4
18,7140.3
22,7142.7
5,7144.0
13,7145.1
29,7148.7
22,7508.8
17,7509.2
6,7509.3
18,7509.4
2,7509.5
21,7509.5
5,7509.5
4,7509.6
16,7509.7
25,7509.9
29,7510.1
23,7511.2
3,7511.7
13,7511.8
20,7511.9
27,7512.0
11,7512.1
14,7512.2
7,7512.4
22,7512.5
8,7512.5
0,7512.5
9,7512.6
26,7512.9
10,7513.1
17,7514.1
6,7514.4
2,7514.6
18,7514.9
5,7515.4
16,7515.4
21,7516.2
29,7516.3
28,7516.9
4,7517.0
25,7517.6
22,7518.0
17,7523.1
2,7524.6
6,7524.8
18,7527.1
16,7529.0
22,7529.7
5,7531.7
29,7538.7
22,7588.6
17,7589.0
6,7589.1
18,7589.2
2,7589.3
21,7589.3
5,7589.3
4,7589.4
16,7589.5
25,7589.7
29,7589.9
23,7591.0
3,7591.5
13,7591.6
20,7591.7
27,7591.8
11,7591.8
14,7591.9
8,7592.1
7,7592.1
22,7592.2
9,7592.2
0,7592.3
26,7592.6
10,7592.8
17,7593.6
6,7594.1
2,7594.3
18,7594.5
16,7594.9
5,7595.0
21,7595.8
29,7595.9
4,7596.5
28,7596.5
25,7597.4
22,7597.5
17,7601.9
6,7603.6
2,7603.7
18,7605.9
16,7606.2
22,7607.9
5,7608.9
29,7612.0
22,7668.5
17,7668.9
6,7669.0
21,7669.1
18,7669.1
5,7669.1
2,7669.2
4,7669.2
16,7669.4
25,7669.6
29,7669.8
23,7670.8
3,7671.5
20,7671.6
13,7671.6
11,7671.7
27,7671.7
14,7671.8
8,7672.0
9,7672.1
7,7672.1
0,7672.2
22,7672.2
26,7672.6
10,7672.6
17,7673.5
6,7674.0
2,7674.0
18,7674.4
16,7674.8
5,7674.9
21,7675.7
29,7675.7
28,7676.3
4,7676.4
25,7677.1
22,7677.7
17,7681.5
2,7683.1
6,7683.4
18,7685.3
16,7686.1
22,7688.4
5,7688.8
29,7691.7
22,7748.5
17,7748.9
6,7749.0
18,7749.1
21,7749.1
5,7749.1
4,7749.2
2,7749.2
16,7749.4
25,7749.6
29,7749.7
23,7750.8
13,7751.5
3,7751.5
20,7751.5
11,7751.7
27,7751.7
14,7751.8
8,7752.0
7,7752.0
22,7752.1
9,7752.1
0,7752.2
10,7752.6
26,7752.6
17,7753.5
6,7754.0
2,7754.0
18,7754.4
16,7754.8
5,7754.9
21,7755.7
29,7755.8
28,7756.3
4,7756.4
25,7757.0
22,7757.4
17,7761.5
2,7763.1
6,7763.4
18,7765.3
16,7766.2
22,7767.7
5,7768.8
29,7771.9
22,8133.8
4,8134.1
17,8134.2
6,8134.3
25,8134.4
21,8134.5
5,8134.5
2,8134.5
27,8135.1
29,8135.1
18,8135.1
3,8135.3
16,8135.5
0,8135.6
23,8136.2
13,8136.9
20,8136.9
11,8137.1
14,8137.2
7,8137.4
8,8137.4
9,8137.5
22,8137.5
26,8137.9
10,8138.1
17,8139.0
6,8139.4
4,8139.5
2,8139.5
25,8139.6
19,8139.9
5,8140.4
1,8141.1
21,8141.2
29,8141.3
28,8141.9
27,8142.8
3,8142.9
22,8143.0
0,8143.2
18,8144.0
16,8144.6
17,8147.7
2,8149.1
6,8149.8
25,8150.1
4,8150.4
22,8154.7
5,8154.7
29,8159.1
22,8213.6
4,8213.9
17,8214.0
6,8214.1
25,8214.1
21,8214.3
2,8214.3
5,8214.3
18,8214.9
27,8214.9
29,8214.9
3,8215.0
0,8215.3
16,8215.3
23,8216.0
13,8216.6
20,8216.7
11,8216.8
14,8216.9
8,8217.0
9,8217.1
7,8217.1
22,8217.2
26,8217.6
10,8217.7
17,8218.7
4,8219.0
6,8219.1
2,8219.2
25,8219.3
19,8219.4
5,8220.0
1,8220.4
21,8220.8
29,8220.9
28,8221.5
3,8222.3
27,8222.3
0,8222.5
22,8222.5
18,8223.5
16,8223.8
17,8227.0
2,8228.3
6,8228.6
4,8228.8
25,8229.1
22,8232.9
5,8233.3
29,8236.3
22,8293.5
4,8293.8
17,8293.9
25,8294.0
6,8294.0
5,8294.1
21,8294.1
2,8294.2
27,8294.8
29,8294.8
18,8294.9
3,8295.0
16,8295.2
0,8295.2
23,8295.8
20,8296.6
13,8296.6
11,8296.7
14,8296.8
8,8297.0
7,8297.1
9,8297.1
22,8297.2
10,8297.6
26,8297.6
17,8298.7
4,8298.8
6,8299.0
2,8299.0
25,8299.2
19,8299.4
5,8299.9
1,8300.4
21,8300.7
29,8300.7
28,8301.3
27,8302.1
3,8302.3
0,8302.6
22,8302.7
18,8303.3
16,8303.6
17,8306.9
2,8308.1
6,8308.4
4,8308.6
25,8308.9
5,8313.1
22,8313.4
29,8315.5
22,8373.5
4,8373.8
17,8373.9
6,8374.0
25,8374.0
21,8374.1
5,8374.1
2,8374.2
29,8374.7
27,8374.7
18,8374.9
3,8375.0
0,8375.2
16,8375.2
23,8375.8
13,8376.5
20,8376.6
11,8376.7
14,8376.8
8,8377.0
7,8377.0
22,8377.1
9,8377.1
10,8377.5
26,8377.6
17,8378.7
4,8378.9
6,8379.0
25,8379.0
2,8379.0
19,8379.2
5,8379.9
1,8380.2
21,8380.7
29,8380.8
28,8381.3
3,8382.1
27,8382.1
0,8382.4
22,8382.4
18,8383.3
16,8383.6
17,8386.9
2,8388.1
6,8388.4
25,8388.4
4,8388.6
22,8392.7
5,8392.7
29,8395.6
4,8759.1
18,8759.2
17,8759.2
22,8759.2
6,8759.3
25,8759.3
5,8759.5
2,8759.5
21,8759.5
20,8759.8
27,8760.0
3,8760.2
16,8760.5
0,8760.5
23,8761.2
11,8762.1
14,8762.2
29,8762.2
8,8762.4
9,8762.5
26,8762.9
10,8763.1
17,8764.0
18,8764.3
22,8764.3
4,8764.3
6,8764.4
25,8764.5
2,8764.5
19,8764.7
5,8765.4
1,8765.8
21,8766.2
20,8766.8
28,8766.9
3,8767.7
27,8767.7
0,8768.0
16,8769.6
18,8771.2
17,8772.7
2,8774.1
20,8774.1
22,8774.7
6,8774.8
25,8775.0
4,8775.2
5,8779.8
18,8782.1
18,8838.9
4,8838.9
17,8839.0
22,8839.0
6,8839.1
25,8839.1
2,8839.3
21,8839.3
5,8839.3
20,8839.5
27,8839.9
3,8840.0
16,8840.3
0,8840.3
23,8840.9
11,8841.8
14,8841.9
29,8841.9
8,8842.0
9,8842.1
26,8842.6
10,8842.7
17,8843.6
18,8843.8
4,8844.0
6,8844.1
2,8844.2
22,8844.2
25,8844.3
19,8844.4
5,8845.0
1,8845.4
21,8845.8
20,8846.0
28,8846.5
3,8847.3
27,8847.3
0,8847.5
16,8848.8
18,8849.4
17,8851.9
2,8853.3
6,8853.6
4,8853.8
22,8854.0
20,8854.0
25,8854.1
5,8858.2
18,8859.7
4,8918.8
22,8918.9
18,8918.9
17,8918.9
25,8919.0
6,8919.0
21,8919.1
5,8919.1
2,8919.2
20,8919.4
27,8919.8
3,8920.0
16,8920.2
0,8920.2
23,8920.7
14,8921.7
11,8921.7
29,8921.8
8,8922.0
9,8922.1
26,8922.5
10,8922.6
17,8923.5
4,8923.8
18,8923.8
6,8924.0
22,8924.0
2,8924.0
25,8924.2
19,8924.4
5,8924.9
1,8925.4
21,8925.7
20,8926.1
28,8926.3
27,8927.1
3,8927.3
0,8927.4
16,8928.6
18,8929.4
17,8931.5
2,8933.1
6,8933.4
4,8933.6
22,8933.8
25,8933.9
20,8934.1
5,8937.6
18,8939.8
4,8998.8
17,8998.9
18,8998.9
22,8998.9
6,8999.0
25,8999.0
5,8999.1
21,8999.1
2,8999.2
20,8999.5
27,8999.7
3,9000.0
16,9000.2
0,9000.2
23,9000.7
14,9001.7
11,9001.7
29,9001.8
8,9002.0
9,9002.1
26,9002.5
10,9002.5
17,9003.5
18,9003.8
4,9003.9
22,9003.9
25,9004.0
6,9004.0
2,9004.0
19,9004.2
5,9004.9
1,9005.2
21,9005.7
20,9006.2
28,9006.3
27,9007.1
3,9007.1
0,9007.4
16,9008.6
18,9009.7
17,9011.5
2,9013.1
22,9013.3
25,9013.4
6,9013.4
4,9013.6
20,9013.7
5,9017.6
18,9019.8
18,9069.5
20,9069.6
4,9384.1
22,9384.2
6,9384.3
25,9384.3
2,9384.5
5,9384.5
21,9384.5
20,9384.7
18,9384.8
17,9384.8
27,9385.0
0,9385.5
16,9385.5
23,9386.2
11,9387.1
29,9387.2
14,9387.2
8,9387.4
12,9387.5
9,9387.5
10,9388.1
26,9388.1
4,9389.3
22,9389.3
6,9389.4
2,9389.5
25,9389.5
19,9389.7
3,9390.1
5,9390.4
1,9390.8
21,9391.2
17,9391.6
20,9391.8
28,9391.9
18,9392.6
27,9392.7
0,9393.0
16,9394.6
2,9399.1
6,9399.8
22,9399.8
20,9399.9
25,9400.0
4,9400.2
18,9401.4
5,9406.2
4,9463.9
22,9464.0
25,9464.1
6,9464.1
21,9464.3
5,9464.3
2,9464.3
20,9464.5
18,9464.5
17,9464.5
27,9464.9
0,9465.3
16,9465.3
23,9465.9
11,9466.8
14,9466.9
8,9467.0
29,9467.0
9,9467.1
12,9467.2
26,9467.7
10,9467.8
4,9469.0
6,9469.1
2,9469.2
22,9469.2
25,9469.3
19,9469.4
3,9469.7
5,9470.0
1,9470.4
21,9470.8
20,9471.1
17,9471.2
28,9471.5
18,9471.9
27,9472.3
0,9472.5
16,9473.8
2,9478.3
6,9478.6
4,9478.9
20,9479.0
22,9479.0
25,9479.1
18,9480.8
5,9483.8
4,9543.8
22,9543.9
25,9544.0
6,9544.0
5,9544.1
2,9544.2
21,9544.2
20,9544.4
18,9544.5
17,9544.5
27,9544.8
0,9545.2
16,9545.2
23,9545.8
11,9546.7
14,9546.7
29,9546.8
8,9547.0
12,9547.1
9,9547.1
10,9547.6
26,9547.6
4,9548.8
22,9549.0
2,9549.0
6,9549.0
25,9549.2
19,9549.4
3,9549.6
5,9549.9
1,9550.4
21,9550.7
17,9551.1
28,9551.3
20,9551.3
18,9552.0
27,9552.1
0,9552.4
16,9553.6
2,9558.1
6,9558.4
20,9558.4
4,9558.7
22,9558.8
25,9558.9
18,9560.0
5,9563.0
20,9619.9
18,9620.1
4,9623.8
22,9623.9
25,9624.0
6,9624.0
5,9624.1
2,9624.2
21,9624.2
17,9624.5
27,9624.7
16,9625.2
0,9625.2
23,9625.8
20,9626.1
18,9626.5
14,9626.7
11,9626.7
29,9626.8
12,9627.0
8,9627.0
9,9627.1
26,9627.6
10,9627.6
4,9628.9
22,9628.9
2,9629.0
25,9629.0
6,9629.0
19,9629.2
3,9629.5
5,9629.9
1,9630.2
21,9630.7
17,9631.1
28,9631.3
27,9632.1
0,9632.4
20,9632.5
16,9633.6
18,9633.8
2,9638.1
22,9638.3
25,9638.4
6,9638.4
4,9638.7
5,9643.0
