2,88.6
18,89.0
4,89.4
21,89.4
11,89.6
27,89.7
28,89.9
3,90.5
1,90.8
6,90.9
14,91.2
22,91.3
10,92.0
30,92.2
19,92.2
31,92.5
17,92.8
5,92.8
18,92.9
0,92.9
2,93.0
8,93.0
16,93.0
20,93.4
13,93.6
29,95.1
24,95.2
27,95.5
21,96.3
4,96.6
28,96.8
11,97.0
2,98.8
18,99.0
14,100.3
30,101.5
5,102.6
3,103.2
20,104.0
13,104.5
2,106.7
27,108.4
1,109.3
6,111.7
18,112.6
21,114.3
4,116.2
14,120.0
11,120.1
28,122.8
2,128.2
2,168.3
18,168.7
4,169.0
21,169.1
11,169.2
27,169.4
28,169.5
3,170.2
1,170.4
6,170.5
14,170.7
22,170.9
10,171.6
30,171.7
19,171.8
31,172.0
5,172.2
17,172.3
0,172.4
8,172.5
18,172.5
20,172.5
2,172.5
16,172.5
13,172.9
24,174.5
29,174.6
27,175.1
21,175.8
4,176.0
28,176.3
11,176.5
18,178.2
2,178.9
14,179.0
30,180.4
5,181.6
3,181.9
20,182.5
13,183.4
1,185.8
2,185.9
27,186.6
18,186.7
4,187.3
6,187.4
28,187.9
11,187.9
19,188.0
29,191.2
3,192.1
18,196.5
14,197.8
21,198.3
4,204.8
2,207.2
28,208.8
11,214.3
2,248.2
18,248.6
21,249.0
4,249.0
11,249.2
27,249.4
28,249.5
3,250.1
1,250.3
6,250.5
14,250.7
22,250.9
10,251.5
30,251.7
19,251.7
31,251.9
5,252.2
0,252.3
17,252.3
2,252.4
16,252.4
18,252.4
8,252.5
20,252.7
13,253.0
24,254.4
29,254.4
27,254.9
21,255.6
4,256.0
28,256.1
11,256.2
18,258.0
2,258.7
14,259.0
30,260.3
3,261.5
5,261.7
20,263.0
13,263.8
1,265.7
2,265.9
27,266.4
6,267.5
18,268.8
4,270.4
28,270.8
11,271.1
19,271.8
3,273.5
21,273.9
29,274.7
18,277.7
14,283.3
2,283.8
4,284.5
28,288.0
11,289.1
2,633.5
18,633.8
21,634.3
4,634.3
11,634.4
27,634.6
28,634.7
3,635.3
1,635.6
6,635.7
14,636.1
22,636.2
10,636.8
30,637.0
19,637.1
31,637.3
17,637.6
5,637.7
2,637.7
0,637.7
18,637.8
16,637.9
8,637.9
20,638.2
13,638.4
24,640.0
29,640.0
27,640.3
21,641.1
4,641.5
28,641.5
11,641.9
2,643.0
18,643.9
14,644.3
30,645.7
3,647.0
5,647.2
20,648.9
19,649.6
4,649.7
13,649.8
18,650.0
28,650.2
11,650.4
2,651.1
27,652.6
29,653.4
1,653.8
6,656.3
21,659.3
18,660.9
4,663.0
3,665.2
14,665.9
11,667.7
28,669.8
2,678.4
2,713.3
18,713.6
4,714.0
21,714.1
11,714.2
27,714.4
28,714.5
3,715.1
1,715.4
6,715.5
14,715.7
22,715.9
10,716.5
19,716.7
30,716.7
31,716.9
5,717.2
17,717.3
0,717.3
2,717.4
16,717.4
18,717.5
8,717.5
20,717.6
13,717.9
24,719.4
29,719.5
27,719.9
21,720.6
4,721.0
28,721.1
11,721.5
2,722.3
18,723.3
14,723.7
3,725.2
30,725.2
5,726.7
19,727.1
20,727.8
4,728.2
21,728.5
28,728.6
13,728.9
11,729.0
31,729.3
18,729.5
2,730.0
1,730.9
27,731.5
29,732.0
6,732.1
21,739.8
18,742.4
3,743.9
14,751.4
4,751.6
2,793.2
18,793.6
4,794.0
21,794.0
11,794.1
27,794.3
28,794.5
3,795.1
1,795.3
6,795.4
14,795.6
22,795.8
10,796.5
19,796.5
30,796.6
31,796.7
5,797.2
17,797.2
0,797.3
8,797.4
2,797.4
16,797.4
18,797.4
20,797.7
13,798.0
24,799.4
29,799.4
27,800.0
21,800.5
4,800.9
28,801.1
11,801.3
2,802.3
18,802.9
14,803.2
3,804.7
30,804.8
19,806.5
5,806.8
21,807.5
4,807.9
31,808.0
28,808.5
20,808.5
18,809.1
11,809.1
13,809.8
2,810.2
1,810.8
27,811.4
29,812.1
6,812.2
21,818.9
18,821.9
3,823.1
4,826.1
14,826.1
2,833.3
11,834.6
28,851.1
2,873.2
18,873.5
4,874.0
21,874.0
11,874.1
27,874.3
28,874.4
3,875.0
1,875.3
6,875.4
22,875.8
14,875.8
10,876.4
19,876.7
30,876.8
31,876.8
17,877.2
0,877.3
2,877.4
5,877.4
16,877.4
18,877.4
8,877.4
20,877.8
13,878.1
24,879.4
29,879.4
27,879.8
21,880.5
4,880.9
28,881.0
11,881.3
2,882.6
18,882.8
14,883.8
3,884.3
30,885.2
19,886.1
5,886.8
21,887.0
31,887.4
4,888.2
28,888.3
20,888.5
18,889.0
13,889.2
11,889.2
2,890.1
1,890.7
27,891.3
6,892.3
29,892.5
0,894.5
16,894.6
24,896.7
21,898.7
18,902.3
3,903.9
14,911.3
2,923.0
4,927.8
14,943.1
30,944.1
5,944.6
20,945.0
13,945.2
2,1258.4
18,1258.8
21,1259.2
4,1259.2
11,1259.3
27,1259.5
28,1259.7
3,1260.3
1,1260.5
6,1260.6
14,1261.0
22,1261.1
10,1261.8
30,1261.9
19,1262.0
31,1262.3
17,1262.5
5,1262.5
0,1262.6
18,1262.7
8,1262.8
16,1262.8
2,1262.8
20,1263.1
13,1263.3
24,1264.9
29,1264.9
27,1265.3
21,1266.1
4,1266.3
28,1266.6
11,1266.7
2,1267.9
18,1267.9
14,1268.6
3,1269.1
30,1270.3
19,1271.0
5,1272.6
21,1274.3
18,1274.5
4,1274.5
28,1274.9
31,1275.1
20,1275.3
11,1275.7
2,1275.9
13,1277.0
27,1278.1
1,1278.7
29,1279.8
6,1281.2
0,1281.9
16,1282.0
24,1283.6
21,1285.0
18,1289.6
14,1296.9
4,1298.1
2,1304.2
31,1304.5
2,1338.2
18,1338.6
4,1338.9
21,1339.0
11,1339.1
27,1339.3
28,1339.4
3,1340.1
1,1340.3
6,1340.4
14,1340.6
22,1340.8
10,1341.5
30,1341.6
19,1341.6
31,1341.8
0,1342.2
17,1342.2
5,1342.2
16,1342.3
8,1342.4
18,1342.4
2,1342.5
20,1342.5
13,1342.9
24,1344.3
29,1344.4
27,1345.0
21,1345.5
4,1345.7
28,1346.1
11,1346.1
18,1347.2
2,1347.3
14,1348.1
3,1348.4
30,1349.8
19,1350.2
21,1352.0
5,1352.0
31,1352.4
11,1353.5
20,1353.8
18,1353.8
4,1354.0
28,1354.3
2,1355.1
16,1355.3
0,1355.3
6,1355.4
13,1355.8
1,1355.8
27,1356.5
22,1356.7
24,1357.9
21,1357.9
29,1360.2
4,1361.0
11,1361.6
6,1365.3
21,1368.4
18,1368.8
3,1371.6
22,1372.3
2,1386.8
4,1387.3
2,1418.2
18,1418.5
4,1418.9
21,1418.9
11,1419.1
27,1419.2
28,1419.4
3,1420.0
1,1420.2
6,1420.3
14,1420.6
22,1420.7
10,1421.3
30,1421.6
19,1421.6
31,1421.8
17,1422.1
0,1422.2
5,1422.2
8,1422.3
2,1422.3
16,1422.3
18,1422.3
20,1422.6
13,1422.9
24,1424.3
29,1424.4
27,1424.9
21,1425.5
4,1425.5
28,1425.9
11,1425.9
18,1427.0
2,1427.2
14,1428.1
3,1428.1
30,1429.8
19,1430.1
21,1431.9
31,1432.1
5,1432.3
11,1432.4
18,1433.5
16,1433.6
0,1433.6
4,1433.6
28,1434.1
20,1434.9
2,1435.1
1,1435.7
27,1436.3
24,1437.0
13,1437.0
6,1437.0
11,1440.6
29,1441.7
21,1444.2
18,1448.0
3,1451.8
2,1457.9
2,1498.1
18,1498.5
4,1498.9
21,1499.0
11,1499.1
27,1499.2
28,1499.4
3,1500.0
1,1500.2
6,1500.3
14,1500.7
22,1500.8
10,1501.3
19,1501.6
30,1501.7
31,1501.9
17,1502.1
0,1502.2
5,1502.3
8,1502.3
16,1502.3
18,1502.3
2,1502.3
20,1502.7
13,1503.0
24,1504.3
29,1504.4
27,1504.9
21,1505.5
4,1505.6
11,1505.8
28,1505.8
18,1506.9
2,1507.1
3,1508.0
14,1508.2
30,1509.9
19,1510.1
11,1511.6
31,1511.7
21,1511.7
5,1512.2
16,1513.0
0,1513.0
18,1513.5
4,1513.5
6,1514.2
28,1514.4
20,1514.9
22,1515.1
2,1515.1
1,1515.6
13,1516.2
27,1516.3
24,1516.7
21,1517.5
11,1520.1
4,1521.2
29,1524.1
6,1524.9
18,1528.3
21,1529.5
22,1530.1
3,1531.7
2,1556.2
14,1572.6
30,1573.6
5,1574.0
20,1574.4
13,1574.9
2,1883.4
18,1883.8
4,1884.2
21,1884.2
11,1884.3
27,1884.5
28,1884.6
3,1885.3
1,1885.5
6,1885.6
14,1886.0
22,1886.0
10,1886.7
30,1886.9
19,1887.0
31,1887.2
5,1887.5
17,1887.5
2,1887.6
0,1887.6
18,1887.7
16,1887.8
8,1887.8
20,1888.1
13,1888.3
29,1889.9
24,1889.9
27,1890.2
21,1891.0
4,1891.2
28,1891.4
11,1891.6
2,1892.6
18,1892.8
14,1893.5
3,1893.9
30,1895.4
19,1895.8
31,1896.5
21,1897.6
5,1897.9
11,1899.0
4,1899.2
18,1899.6
28,1899.9
0,1900.1
16,1900.1
6,1900.3
20,1901.0
2,1901.1
22,1901.1
27,1902.5
13,1902.9
24,1903.2
21,1903.5
1,1903.6
4,1906.2
11,1906.3
29,1906.8
6,1909.9
18,1915.3
22,1915.4
21,1916.6
14,1919.2
31,1924.2
4,1926.3
11,1931.5
2,1963.2
18,1963.5
4,1963.9
21,1963.9
11,1964.1
27,1964.2
28,1964.4
3,1965.0
6,1965.2
1,1965.3
14,1965.6
22,1965.7
10,1966.3
31,1966.6
30,1966.6
19,1966.6
17,1967.1
5,1967.2
16,1967.2
2,1967.3
0,1967.3
18,1967.4
8,1967.4
20,1967.4
13,1967.9
24,1969.3
29,1969.3
27,1969.9
4,1970.4
21,1970.5
11,1970.8
28,1970.9
18,1972.2
2,1972.2
14,1973.1
3,1973.2
30,1974.8
19,1975.0
31,1975.5
21,1975.7
6,1975.9
4,1976.2
11,1976.4
22,1976.6
5,1977.2
16,1977.8
0,1977.9
18,1978.7
28,1979.2
20,1979.2
2,1980.3
1,1980.8
27,1981.4
13,1981.6
24,1981.9
21,1983.1
4,1984.3
11,1984.8
29,1986.2
6,1986.8
22,1990.9
18,1994.6
2,2043.1
18,2043.5
21,2043.9
4,2043.9
11,2044.1
27,2044.2
28,2044.4
3,2045.0
1,2045.2
6,2045.3
14,2045.6
22,2045.7
10,2046.3
30,2046.6
19,2046.6
31,2046.7
17,2047.1
0,2047.2
16,2047.2
5,2047.2
18,2047.3
2,2047.3
8,2047.3
20,2047.5
13,2047.9
24,2049.2
29,2049.3
27,2049.9
21,2050.3
4,2050.4
28,2050.8
11,2050.8
18,2052.0
2,2052.2
3,2053.0
14,2053.1
30,2054.8
19,2055.0
21,2055.4
31,2055.6
6,2055.6
4,2056.0
22,2056.2
11,2056.3
5,2057.5
16,2057.6
0,2057.7
18,2058.4
28,2059.3
20,2060.1
1,2060.7
2,2060.7
27,2061.3
24,2061.8
13,2062.3
21,2062.6
4,2064.0
11,2064.9
6,2066.6
29,2067.9
22,2071.0
18,2073.0
3,2078.2
21,2088.4
2,2094.7
2,2123.1
18,2123.4
21,2123.9
4,2123.9
27,2124.1
11,2124.1
28,2124.3
3,2124.9
1,2125.2
6,2125.3
14,2125.6
22,2125.7
10,2126.2
19,2126.6
30,2126.6
31,2126.7
17,2127.0
0,2127.1
5,2127.2
8,2127.2
2,2127.2
16,2127.2
18,2127.3
20,2127.6
13,2127.9
24,2129.2
29,2129.3
27,2129.8
21,2130.2
4,2130.3
28,2130.7
11,2130.7
2,2132.0
18,2132.0
3,2132.9
14,2133.1
30,2134.8
19,2135.0
21,2135.2
6,2135.2
22,2135.7
31,2135.7
4,2135.7
11,2136.0
5,2137.1
16,2137.3
0,2137.4
18,2138.5
28,2139.1
20,2139.4
2,2140.2
1,2140.6
13,2141.1
27,2141.2
24,2141.8
21,2142.8
4,2144.1
11,2145.0
6,2146.8
22,2150.9
29,2151.9
18,2154.1
21,2169.1
3,2173.7
2,2508.4
18,2508.7
4,2509.1
21,2509.1
11,2509.3
27,2509.4
28,2509.6
3,2510.2
1,2510.4
6,2510.5
14,2510.9
22,2511.0
10,2511.7
19,2511.9
30,2511.9
31,2512.2
17,2512.4
5,2512.5
18,2512.6
0,2512.6
16,2512.7
2,2512.7
8,2512.7
20,2513.0
13,2513.2
24,2514.8
29,2514.8
27,2515.2
4,2515.7
21,2516.0
28,2516.1
11,2516.1
18,2517.3
2,2517.6
3,2518.3
14,2518.5
19,2520.3
30,2520.4
11,2521.5
31,2521.8
21,2522.6
0,2522.8
16,2522.8
5,2523.5
18,2524.4
4,2524.8
28,2525.3
2,2526.0
20,2527.4
27,2528.0
24,2528.2
1,2528.5
13,2529.4
11,2529.9
6,2531.0
21,2536.1
18,2541.6
31,2543.3
2,2588.2
18,2588.5
11,2588.9
21,2588.9
4,2588.9
27,2589.2
28,2589.3
3,2590.0
1,2590.2
6,2590.4
14,2590.5
22,2590.8
10,2591.3
19,2591.4
30,2591.5
31,2591.6
17,2592.1
16,2592.1
5,2592.1
0,2592.2
18,2592.3
2,2592.3
8,2592.4
20,2592.4
13,2592.8
24,2594.2
29,2594.2
27,2594.9
4,2595.2
11,2595.4
21,2595.5
28,2595.6
18,2596.8
2,2597.2
3,2597.7
14,2597.8
19,2599.4
30,2599.8
31,2600.6
21,2601.3
16,2601.6
11,2601.8
0,2601.8
4,2601.9
6,2602.0
22,2602.6
5,2602.8
18,2603.6
28,2604.4
20,2605.2
2,2605.3
1,2605.6
27,2606.4
13,2608.1
24,2608.2
21,2608.4
4,2610.0
11,2610.1
6,2612.8
22,2617.4
18,2620.0
21,2629.1
2,2668.1
18,2668.4
4,2668.8
21,2668.9
11,2669.0
27,2669.1
28,2669.3
3,2669.9
1,2670.2
6,2670.2
14,2670.5
22,2670.6
10,2671.2
19,2671.5
30,2671.5
31,2671.7
17,2672.0
5,2672.1
0,2672.1
2,2672.2
16,2672.2
18,2672.2
8,2672.2
20,2672.5
13,2672.7
29,2674.2
24,2674.2
27,2674.8
4,2675.1
21,2675.3
11,2675.4
28,2675.5
18,2676.6
2,2676.9
3,2677.6
14,2678.0
19,2679.7
30,2679.9
31,2680.7
11,2680.7
21,2680.9
4,2681.4
6,2681.4
16,2681.6
0,2681.8
22,2682.1
5,2683.1
18,2683.3
28,2684.3
2,2684.8
1,2685.6
27,2686.2
20,2686.4
24,2688.0
21,2688.0
13,2689.5
4,2689.7
11,2690.8
6,2692.2
22,2696.7
18,2698.4
2,2708.1
21,2709.6
2,2748.1
18,2748.4
4,2748.8
21,2748.9
11,2749.0
27,2749.1
28,2749.3
3,2749.9
1,2750.1
6,2750.2
22,2750.6
14,2750.6
10,2751.2
19,2751.5
30,2751.6
31,2751.7
17,2752.0
0,2752.2
5,2752.2
16,2752.2
18,2752.2
2,2752.2
8,2752.2
20,2752.6
13,2752.9
24,2754.2
29,2754.2
27,2754.8
4,2755.0
11,2755.3
21,2755.3
28,2755.5
18,2756.6
2,2757.1
3,2757.5
14,2758.0
6,2758.6
22,2759.2
19,2759.7
30,2759.9
4,2760.0
21,2760.1
11,2760.7
31,2760.7
0,2761.7
16,2761.7
5,2762.8
18,2763.2
28,2764.2
1,2765.5
2,2765.6
20,2766.2
27,2766.2
13,2768.1
21,2768.2
24,2769.1
4,2769.3
6,2770.7
11,2770.8
22,2775.6
18,2778.7
2,3133.3
18,3133.7
4,3134.2
21,3134.2
11,3134.3
27,3134.5
28,3134.6
3,3135.3
1,3135.7
6,3135.8
14,3136.2
22,3136.2
10,3136.9
19,3137.3
30,3137.3
31,3137.6
18,3137.6
2,3137.7
17,3137.8
5,3138.0
0,3138.1
8,3138.2
16,3138.3
20,3138.6
13,3138.9
27,3140.3
29,3140.8
21,3140.8
4,3140.8
28,3141.1
11,3141.2
24,3141.4
18,3142.2
2,3142.8
3,3143.5
14,3144.2
6,3144.8
22,3145.5
21,3145.7
4,3146.1
19,3146.2
11,3146.6
30,3146.8
31,3147.2
16,3148.3
0,3148.4
18,3149.3
28,3151.2
2,3152.9
5,3153.3
21,3154.0
4,3155.5
27,3156.2
11,3156.6
6,3158.4
2,3213.1
18,3213.5
21,3213.9
4,3213.9
11,3214.1
27,3214.2
28,3214.4
3,3215.1
1,3215.4
6,3215.4
14,3215.9
22,3215.9
10,3216.5
30,3216.9
31,3217.0
19,3217.0
2,3217.3
18,3217.3
17,3217.4
5,3217.6
16,3217.7
8,3217.7
0,3217.8
20,3217.9
13,3218.4
27,3220.0
4,3220.1
21,3220.2
29,3220.3
11,3220.5
24,3220.6
28,3220.6
18,3221.8
2,3222.4
3,3223.0
14,3223.5
6,3223.6
22,3224.3
21,3225.3
4,3225.4
19,3225.6
11,3225.9
31,3226.1
30,3226.1
16,3227.3
0,3227.8
18,3228.9
28,3230.1
5,3231.9
2,3231.9
21,3234.1
27,3234.2
4,3235.0
11,3236.3
20,3236.4
6,3236.4
18,3259.9
2,3293.1
18,3293.4
4,3293.9
21,3293.9
11,3294.1
27,3294.2
28,3294.3
3,3295.1
1,3295.3
6,3295.4
14,3295.9
22,3295.9
10,3296.5
30,3296.9
31,3297.0
19,3297.0
2,3297.2
18,3297.3
17,3297.4
5,3297.6
0,3297.6
16,3297.6
8,3297.7
20,3297.9
13,3298.3
27,3300.0
21,3300.1
4,3300.1
29,3300.3
24,3300.4
11,3300.5
28,3300.6
18,3301.8
2,3302.1
3,3303.0
14,3303.6
6,3303.7
22,3304.5
21,3304.9
4,3305.3
19,3305.7
11,3305.8
30,3306.2
31,3306.4
16,3307.2
0,3307.6
18,3308.7
28,3310.1
2,3310.9
5,3311.6
21,3313.5
27,3314.0
4,3314.9
11,3316.4
6,3316.7
20,3317.5
1,3324.4
18,3330.1
2,3373.1
18,3373.4
21,3373.9
4,3373.9
11,3374.1
27,3374.2
28,3374.3
3,3375.1
1,3375.3
6,3375.4
14,3375.9
22,3375.9
10,3376.5
30,3376.9
19,3377.0
31,3377.1
2,3377.2
18,3377.3
17,3377.4
5,3377.6
8,3377.7
16,3377.7
0,3377.7
20,3378.0
13,3378.4
27,3380.0
4,3380.1
21,3380.1
29,3380.2
24,3380.5
11,3380.5
28,3380.6
18,3381.8
2,3381.9
3,3382.8
14,3383.5
6,3383.6
22,3384.4
21,3385.0
4,3385.2
19,3385.7
30,3385.7
11,3385.9
31,3386.4
16,3387.5
0,3387.8
18,3388.7
28,3389.9
2,3390.4
5,3390.5
27,3393.4
21,3393.6
4,3394.9
20,3395.0
6,3396.7
11,3396.9
1,3404.9
18,3412.2
2,3758.3
18,3758.7
21,3758.8
27,3758.9
4,3759.2
28,3759.6
3,3760.4
1,3760.7
6,3760.8
14,3761.3
22,3761.3
10,3761.9
30,3762.3
19,3762.4
31,3762.6
18,3762.6
2,3762.7
17,3762.8
27,3762.8
5,3763.1
11,3763.1
0,3763.2
8,3763.2
16,3763.3
21,3763.4
20,3763.7
13,3763.9
12,3764.9
4,3765.8
29,3765.9
28,3766.1
24,3766.5
18,3767.2
2,3767.8
21,3767.9
3,3768.5
14,3769.1
27,3769.1
6,3769.8
22,3770.5
4,3771.0
19,3771.2
30,3771.7
31,3772.4
16,3773.2
21,3773.3
0,3773.4
11,3774.2
18,3774.3
28,3776.2
2,3778.0
5,3778.2
4,3779.6
6,3782.7
21,3783.8
27,3787.7
2,3838.2
18,3838.5
21,3838.5
27,3838.6
4,3838.9
28,3839.4
3,3840.1
6,3840.4
1,3840.4
22,3840.9
14,3840.9
10,3841.6
30,3841.9
19,3842.0
31,3842.1
2,3842.3
18,3842.3
27,3842.4
17,3842.5
11,3842.6
16,3842.7
5,3842.7
0,3842.8
8,3842.8
21,3842.9
20,3843.0
13,3843.4
12,3844.3
4,3845.1
29,3845.3
24,3845.6
28,3845.6
18,3846.8
21,3847.1
2,3847.4
3,3848.0
27,3848.5
6,3848.6
14,3848.7
22,3849.4
4,3850.4
19,3850.6
30,3851.1
31,3851.6
16,3852.3
21,3852.6
0,3852.8
11,3853.2
18,3854.0
28,3855.2
2,3857.0
5,3858.0
4,3859.1
6,3860.9
27,3862.9
21,3863.2
2,3918.1
21,3918.5
18,3918.5
27,3918.6
4,3918.9
28,3919.4
3,3920.1
1,3920.3
6,3920.4
14,3920.9
22,3920.9
10,3921.6
30,3921.9
19,3922.0
31,3922.2
18,3922.3
2,3922.4
27,3922.4
17,3922.4
11,3922.6
16,3922.6
0,3922.6
5,3922.7
8,3922.8
21,3922.9
20,3923.0
13,3923.4
12,3924.2
4,3925.1
29,3925.3
24,3925.4
28,3925.6
18,3926.8
21,3927.2
2,3927.4
3,3928.0
27,3928.4
6,3928.7
14,3928.8
22,3929.6
4,3930.3
19,3930.7
30,3931.2
31,3931.6
16,3932.2
21,3932.5
0,3932.6
11,3933.5
18,3933.7
28,3935.2
2,3937.0
5,3937.7
4,3939.1
6,3941.2
27,3942.7
21,3942.8
2,3998.1
18,3998.4
21,3998.4
27,3998.5
4,3998.9
28,3999.4
3,4000.1
1,4000.3
6,4000.4
14,4000.9
22,4001.0
10,4001.6
30,4001.9
19,4002.0
2,4002.2
31,4002.2
18,4002.3
17,4002.4
27,4002.5
5,4002.7
11,4002.7
0,4002.7
8,4002.8
16,4002.8
21,4003.0
20,4003.2
13,4003.5
12,4004.1
4,4005.1
29,4005.2
24,4005.5
28,4005.6
18,4006.8
21,4007.1
2,4007.1
3,4007.8
27,4008.4
6,4008.6
14,4008.6
22,4009.4
4,4010.2
30,4010.7
19,4010.7
31,4011.9
16,4012.5
21,4012.7
0,4012.8
18,4013.7
11,4013.7
28,4015.0
2,4015.9
5,4016.3
4,4019.1
6,4021.2
27,4022.7
21,4023.2
20,4025.2
2,4383.3
18,4383.7
21,4383.7
27,4383.8
4,4384.2
28,4384.6
12,4385.1
3,4385.4
1,4385.7
6,4385.8
22,4386.3
10,4386.9
19,4387.4
30,4387.4
5,4387.4
18,4387.6
2,4387.7
27,4387.7
31,4387.7
17,4387.8
0,4388.2
11,4388.2
8,4388.2
16,4388.3
21,4388.3
20,4388.5
4,4390.8
29,4390.9
28,4391.1
24,4391.5
18,4392.2
12,4392.7
2,4392.8
21,4392.8
3,4393.5
27,4394.0
6,4394.8
22,4395.5
4,4396.0
30,4396.1
19,4396.2
5,4396.7
31,4397.4
21,4398.1
16,4398.2
0,4398.4
18,4399.3
11,4399.6
20,4399.6
28,4401.2
2,4402.9
12,4404.6
4,4405.5
6,4407.1
21,4408.9
27,4409.8
2,4463.1
18,4463.5
21,4463.5
27,4463.6
4,4463.9
28,4464.4
12,4464.8
3,4465.1
1,4465.4
6,4465.4
22,4465.9
10,4466.6
5,4466.7
30,4466.8
19,4467.0
31,4467.1
18,4467.3
2,4467.3
27,4467.4
11,4467.5
17,4467.5
0,4467.5
16,4467.5
20,4467.6
8,4467.8
21,4467.9
4,4470.1
29,4470.3
24,4470.4
28,4470.7
12,4471.6
18,4471.8
21,4472.1
2,4472.4
3,4472.8
27,4473.4
6,4473.6
22,4474.4
30,4475.4
4,4475.4
19,4475.6
5,4475.9
31,4476.6
16,4476.9
0,4477.3
21,4477.6
11,4478.1
20,4478.6
18,4479.0
28,4480.2
2,4481.5
12,4483.4
4,4484.9
6,4485.7
27,4487.2
21,4488.9
2,4543.1
18,4543.5
21,4543.5
27,4543.6
4,4543.9
28,4544.4
12,4544.8
3,4545.1
1,4545.3
6,4545.4
22,4545.9
10,4546.6
5,4546.7
30,4546.8
19,4546.9
31,4547.2
2,4547.2
18,4547.3
17,4547.4
27,4547.4
16,4547.4
0,4547.4
11,4547.5
20,4547.5
8,4547.7
21,4547.9
4,4550.1
29,4550.3
24,4550.3
28,4550.6
18,4551.8
2,4552.1
12,4552.1
21,4552.2
3,4552.8
27,4553.4
6,4553.7
22,4554.6
30,4555.3
4,4555.3
19,4555.6
5,4555.6
31,4556.6
16,4556.9
0,4557.1
21,4557.6
20,4557.8
11,4558.2
18,4559.0
28,4560.2
2,4560.9
12,4563.5
4,4564.8
6,4566.1
27,4567.1
21,4568.4
1,4572.7
5,4609.3
12,4609.3
30,4609.4
20,4610.1
2,4623.1
18,4623.4
21,4623.4
27,4623.5
4,4623.9
28,4624.4
12,4624.7
3,4625.1
1,4625.3
6,4625.4
22,4626.0
30,4626.5
5,4626.5
10,4626.6
19,4626.9
31,4627.2
2,4627.2
18,4627.3
17,4627.4
20,4627.4
27,4627.5
0,4627.5
16,4627.6
11,4627.6
8,4627.7
21,4628.0
4,4630.1
29,4630.2
24,4630.4
28,4630.6
18,4631.8
2,4631.9
21,4632.1
3,4632.8
12,4633.0
27,4633.4
6,4633.6
22,4634.4
4,4635.2
19,4635.7
31,4636.7
16,4637.1
0,4637.3
21,4637.7
11,4638.7
18,4638.7
28,4640.0
2,4640.4
4,4644.9
6,4646.0
27,4647.4
21,4648.9
5,4704.4
12,4704.4
30,4704.4
20,4705.2
2,5008.3
4,5008.6
21,5008.7
28,5008.9
18,5009.0
3,5009.0
27,5009.3
19,5010.0
12,5010.1
11,5010.1
20,5010.4
1,5010.7
6,5010.8
29,5010.9
22,5011.3
10,5011.9
30,5012.3
5,5012.3
2,5012.7
31,5012.7
4,5013.2
0,5013.2
21,5013.3
16,5013.3
28,5013.7
3,5014.5
18,5014.6
7,5015.4
27,5015.6
24,5016.5
19,5016.8
12,5017.2
21,5017.8
11,5017.8
2,5017.8
4,5018.1
20,5018.3
28,5019.4
29,5019.7
6,5019.8
22,5020.5
30,5021.0
18,5021.2
5,5021.7
3,5021.7
31,5022.4
21,5023.1
16,5023.2
0,5023.3
4,5023.8
2,5027.3
19,5028.5
12,5029.2
6,5032.1
21,5032.3
28,5032.9
4,5035.4
27,5035.7
20,5036.4
11,5037.0
2,5088.1
4,5088.3
21,5088.5
3,5088.7
28,5088.7
18,5088.8
27,5089.1
19,5089.7
12,5089.8
11,5089.8
20,5090.0
1,5090.4
6,5090.4
29,5090.6
22,5090.9
10,5091.5
5,5091.7
30,5091.8
2,5092.3
31,5092.3
16,5092.4
0,5092.5
4,5092.7
21,5092.9
28,5093.4
3,5094.1
18,5094.2
7,5094.5
27,5095.2
24,5095.4
19,5096.2
12,5096.7
11,5097.0
21,5097.1
4,5097.2
2,5097.4
20,5097.5
6,5098.6
28,5099.0
29,5099.2
22,5099.4
30,5100.4
18,5100.7
5,5100.7
3,5101.4
16,5101.8
31,5101.9
0,5102.3
21,5102.6
4,5102.8
2,5106.3
19,5107.3
12,5108.6
6,5110.7
27,5111.3
28,5111.7
21,5111.9
11,5113.2
4,5113.6
20,5114.5
2,5168.1
4,5168.2
21,5168.4
28,5168.6
3,5168.7
18,5168.8
27,5169.1
19,5169.6
11,5169.7
12,5169.9
20,5170.1
1,5170.3
6,5170.4
29,5170.6
22,5170.9
10,5171.5
5,5171.8
30,5172.0
2,5172.2
31,5172.2
16,5172.3
0,5172.4
4,5172.8
21,5172.9
28,5173.2
3,5174.0
18,5174.1
7,5174.3
27,5175.0
24,5175.3
19,5176.3
11,5177.1
2,5177.1
21,5177.2
4,5177.3
12,5177.5
20,5178.2
28,5178.7
6,5178.7
29,5179.1
22,5179.6
18,5180.3
30,5180.7
5,5180.8
3,5181.0
16,5181.7
31,5181.9
0,5182.1
21,5182.5
4,5182.9
2,5185.7
19,5187.3
12,5188.8
27,5190.1
28,5190.2
6,5191.1
21,5192.1
11,5193.4
20,5194.2
4,5194.4
1,5194.6
18,5200.7
5,5232.8
12,5232.9
30,5233.0
20,5233.5
2,5248.1
4,5248.2
21,5248.4
28,5248.6
3,5248.7
18,5248.8
27,5249.1
19,5249.6
11,5249.7
12,5249.7
20,5249.9
1,5250.3
6,5250.4
29,5250.6
22,5251.0
5,5251.4
30,5251.5
10,5251.5
2,5252.2
31,5252.2
16,5252.5
0,5252.6
4,5252.8
21,5252.9
28,5253.2
3,5254.0
18,5254.1
7,5254.3
27,5255.0
24,5255.4
19,5256.2
2,5256.9
11,5257.0
21,5257.1
4,5257.2
12,5258.0
6,5258.6
28,5258.7
29,5259.0
22,5259.4
20,5259.5
18,5260.4
3,5261.0
30,5261.7
5,5261.7
31,5261.9
16,5261.9
21,5262.4
0,5262.4
4,5263.0
2,5265.3
12,5267.0
19,5267.2
28,5270.7
27,5270.9
6,5271.0
21,5272.1
20,5273.0
11,5274.6
1,5274.8
4,5275.0
18,5281.1
5,5313.0
12,5313.1
30,5313.1
20,5313.6
2,5633.3
4,5633.5
3,5633.6
21,5633.7
28,5633.8
11,5633.9
18,5634.0
27,5634.3
20,5634.5
19,5634.9
12,5635.1
1,5635.7
6,5635.8
29,5635.9
22,5636.3
10,5636.9
5,5637.3
30,5637.3
2,5637.7
31,5637.7
3,5637.8
21,5638.3
4,5638.3
28,5638.7
11,5639.3
18,5639.6
7,5640.2
20,5640.3
27,5640.6
19,5641.9
12,5642.2
21,5642.8
2,5642.8
4,5643.1
3,5643.1
28,5644.4
29,5644.6
6,5644.8
22,5645.5
30,5646.0
11,5646.1
18,5646.2
5,5646.7
31,5647.4
21,5648.2
20,5648.5
4,5648.9
2,5652.3
3,5652.9
19,5653.5
12,5655.2
28,5657.4
21,5657.6
6,5658.0
4,5660.6
27,5661.6
11,5664.8
2,5713.1
4,5713.3
3,5713.4
21,5713.5
28,5713.7
11,5713.7
18,5713.8
27,5714.1
20,5714.2
19,5714.7
12,5714.8
6,5715.4
1,5715.4
29,5715.6
22,5716.0
10,5716.5
5,5716.7
30,5716.8
31,5717.2
2,5717.3
3,5717.5
4,5717.7
21,5717.9
28,5718.4
11,5718.8
7,5719.1
18,5719.2
20,5719.7
27,5720.2
19,5721.2
12,5721.6
21,5722.1
4,5722.2
2,5722.4
3,5722.6
6,5723.6
28,5724.0
29,5724.2
22,5724.5
11,5725.1
30,5725.4
5,5725.7
18,5725.7
31,5726.9
20,5727.4
21,5727.6
4,5727.8
2,5731.3
3,5732.1
19,5732.3
12,5734.1
27,5736.4
6,5736.5
28,5736.6
1,5736.7
21,5737.1
4,5739.0
11,5740.6
2,5793.1
4,5793.2
3,5793.3
21,5793.4
11,5793.6
28,5793.6
18,5793.8
20,5794.1
27,5794.1
19,5794.6
12,5794.9
1,5795.2
6,5795.4
29,5795.6
22,5796.0
10,5796.5
5,5796.9
30,5797.0
31,5797.2
2,5797.2
3,5797.4
4,5797.8
21,5797.9
28,5798.2
11,5798.6
7,5799.0
18,5799.1
20,5800.0
27,5800.2
19,5801.3
2,5802.1
21,5802.2
4,5802.3
3,5802.4
12,5802.5
6,5803.7
28,5803.7
29,5804.1
22,5804.6
11,5805.0
18,5805.3
30,5805.6
5,5805.8
31,5806.6
20,5807.0
21,5807.5
4,5807.9
2,5810.7
3,5811.4
19,5812.3
12,5814.3
28,5815.2
27,5816.2
6,5816.9
21,5816.9
1,5817.2
4,5819.2
11,5820.5
18,5826.0
20,5831.9
5,5857.8
12,5857.9
30,5858.0
20,5858.1
2,5873.1
4,5873.2
3,5873.3
21,5873.4
28,5873.6
11,5873.6
18,5873.8
27,5874.1
20,5874.1
19,5874.6
12,5874.7
1,5875.3
6,5875.4
29,5875.6
22,5876.0
5,5876.4
30,5876.5
10,5876.5
31,5877.2
2,5877.2
3,5877.4
4,5877.8
21,5877.8
28,5878.2
11,5878.6
7,5879.0
18,5879.1
20,5879.7
27,5880.0
19,5881.2
2,5881.9
21,5882.0
4,5882.2
3,5882.4
12,5883.0
6,5883.6
28,5883.7
29,5884.0
22,5884.4
11,5885.0
18,5885.4
20,5886.6
30,5886.7
5,5886.7
31,5886.7
21,5887.3
4,5888.0
2,5890.3
3,5891.4
12,5892.2
19,5892.2
28,5895.7
27,5896.0
21,5896.7
6,5896.9
1,5898.0
4,5900.2
20,5900.4
11,5902.0
18,5906.3
5,5938.0
12,5938.1
30,5938.2
20,5938.2
4,6258.5
2,6258.6
21,6258.7
19,6258.9
11,6258.9
3,6259.0
6,6259.3
20,6259.4
18,6259.8
28,6260.1
12,6260.1
1,6260.7
29,6260.9
22,6261.3
27,6262.0
5,6262.3
30,6262.3
31,6262.7
21,6263.3
4,6263.3
2,6263.5
19,6264.1
11,6264.2
3,6264.3
7,6265.2
20,6265.4
6,6266.4
18,6266.7
12,6267.2
28,6267.6
21,6267.8
4,6268.1
2,6268.4
19,6268.4
29,6269.6
22,6270.5
11,6270.7
30,6271.0
3,6271.4
6,6271.6
5,6271.7
31,6272.4
21,6273.2
20,6273.6
4,6273.9
19,6275.4
2,6277.2
18,6277.4
12,6280.2
6,6282.1
21,6282.6
4,6285.9
28,6286.6
11,6289.9
19,6293.3
4,6338.3
2,6338.3
21,6338.5
11,6338.6
19,6338.7
3,6338.8
6,6339.0
20,6339.1
18,6339.6
12,6339.8
28,6339.8
1,6340.3
29,6340.6
22,6341.0
5,6341.7
27,6341.7
30,6341.8
31,6342.0
4,6342.7
21,6342.9
2,6343.1
19,6343.5
11,6343.8
3,6344.0
7,6344.0
20,6344.8
6,6345.5
18,6346.2
12,6346.6
21,6347.1
28,6347.1
4,6347.2
19,6347.7
2,6348.1
29,6349.0
22,6349.4
11,6350.1
30,6350.2
5,6350.7
6,6350.8
3,6350.8
31,6351.1
20,6352.5
21,6352.6
4,6353.1
19,6354.8
18,6356.7
2,6356.9
12,6359.1
1,6360.6
6,6361.5
21,6362.6
28,6363.6
4,6365.4
11,6366.3
19,6373.5
4,6418.2
2,6418.3
21,6418.4
11,6418.6
19,6418.6
3,6418.7
6,6419.0
20,6419.2
18,6419.5
28,6419.8
12,6419.9
1,6420.2
29,6420.5
22,6420.9
27,6421.7
5,6421.9
30,6422.0
31,6422.0
4,6422.8
21,6422.9
2,6423.0
19,6423.4
11,6423.6
3,6423.8
7,6423.9
20,6425.0
6,6425.7
18,6426.1
28,6427.0
21,6427.2
4,6427.3
12,6427.5
19,6427.6
2,6427.7
29,6429.0
22,6429.6
11,6430.0
30,6430.6
3,6430.7
5,6430.8
6,6431.1
31,6431.1
20,6432.3
21,6432.5
4,6432.9
19,6434.1
2,6436.0
18,6436.4
12,6439.3
1,6441.4
6,6441.8
21,6442.5
28,6442.9
4,6445.1
11,6446.0
19,6451.8
19,6481.8
5,6482.9
30,6482.9
12,6482.9
20,6483.1
6,6483.4
2,6483.5
4,6498.2
2,6498.3
19,6498.4
21,6498.4
11,6498.6
3,6498.7
6,6499.0
20,6499.1
18,6499.5
12,6499.7
28,6499.8
1,6500.2
29,6500.5
22,6500.9
5,6501.4
30,6501.5
27,6501.6
31,6502.0
21,6502.8
4,6502.8
19,6503.0
2,6503.0
11,6503.6
3,6503.8
7,6504.0
20,6504.7
6,6505.7
18,6506.0
28,6506.9
21,6507.0
4,6507.2
12,6508.0
19,6508.1
2,6508.6
29,6509.0
22,6509.4
11,6510.0
3,6510.5
6,6510.8
31,6511.2
30,6511.7
20,6511.7
5,6511.8
21,6512.3
4,6513.1
19,6513.8
2,6516.0
18,6516.5
12,6517.2
6,6519.7
21,6522.3
1,6522.4
28,6523.5
20,6525.2
19,6525.4
4,6525.6
11,6527.4
19,6561.9
30,6563.1
12,6563.1
5,6563.1
20,6563.3
6,6563.4
2,6563.5
4,6883.5
21,6883.7
11,6883.9
19,6883.9
3,6884.0
6,6884.3
20,6884.4
2,6884.7
28,6885.1
12,6885.1
29,6885.9
22,6886.3
23,6886.4
27,6887.0
18,6887.1
30,6887.3
5,6887.3
31,6887.6
4,6888.3
21,6888.3
19,6888.9
11,6889.2
3,6889.3
7,6890.2
20,6890.4
2,6890.9
6,6891.1
12,6892.2
28,6892.6
21,6892.8
4,6893.1
19,6893.2
29,6894.6
18,6895.3
22,6895.5
11,6895.7
30,6896.0
6,6896.3
3,6896.4
5,6896.7
31,6897.4
21,6898.2
20,6898.5
4,6898.9
2,6899.4
19,6900.3
12,6905.4
6,6906.8
21,6907.7
4,6911.0
28,6912.1
11,6914.9
19,6920.6
4,6963.3
21,6963.5
11,6963.6
19,6963.7
3,6963.8
6,6964.0
20,6964.2
2,6964.3
12,6964.8
28,6964.9
29,6965.6
22,6966.0
23,6966.0
5,6966.7
27,6966.7
18,6966.8
30,6966.8
31,6967.0
4,6967.7
21,6967.9
19,6968.5
11,6968.8
3,6969.0
7,6969.5
20,6969.8
2,6970.3
6,6970.5
12,6971.7
21,6972.1
28,6972.1
4,6972.2
19,6972.9
29,6974.2
22,6974.4
18,6974.9
11,6975.4
30,6975.4
5,6975.7
3,6975.8
6,6976.0
31,6976.1
20,6977.5
21,6977.7
4,6978.1
2,6978.5
19,6979.9
12,6984.2
21,6987.4
6,6987.4
28,6989.0
4,6990.3
11,6993.9
19,6998.5
19,7035.7
6,7037.4
2,7037.9
4,7043.2
21,7043.5
11,7043.6
3,7043.7
19,7043.9
20,7044.2
6,7044.7
28,7044.8
12,7044.9
2,7045.4
29,7045.5
23,7045.8
22,7045.9
27,7046.7
18,7046.8
5,7046.9
31,7047.0
30,7047.0
4,7047.8
21,7047.9
19,7048.4
11,7048.6
3,7048.8
7,7049.3
20,7050.0
6,7051.5
2,7051.5
28,7052.0
21,7052.2
4,7052.3
12,7052.5
19,7053.6
29,7054.0
22,7054.6
18,7054.9
11,7055.0
30,7055.7
3,7055.7
5,7055.8
31,7056.3
20,7057.3
21,7057.6
4,7057.9
6,7058.5
19,7063.4
12,7064.3
2,7064.7
21,7067.2
28,7068.1
4,7069.8
11,7071.6
5,7107.8
12,7107.9
30,7108.0
20,7108.2
4,7123.2
21,7123.4
11,7123.6
19,7123.6
3,7123.7
6,7124.0
20,7124.1
2,7124.3
12,7124.7
28,7124.8
29,7125.5
23,7125.9
22,7126.0
5,7126.4
30,7126.5
27,7126.6
18,7126.8
31,7127.1
4,7127.8
21,7128.0
19,7128.4
11,7128.6
3,7128.8
7,7129.4
20,7129.7
6,7130.5
2,7130.5
28,7132.0
21,7132.1
4,7132.2
19,7132.6
12,7133.0
29,7134.0
22,7134.4
18,7134.9
11,7135.0
3,7135.5
6,7135.8
31,7136.4
5,7136.7
20,7136.7
30,7136.8
21,7137.7
4,7138.1
2,7138.3
19,7139.4
12,7142.2
6,7146.8
21,7147.6
28,7148.9
4,7150.4
20,7150.5
11,7152.9
19,7156.0
19,7183.8
6,7185.5
2,7186.1
5,7188.0
30,7188.1
12,7188.1
20,7188.4
11,7508.9
19,7508.9
3,7509.0
20,7509.4
23,7509.5
4,7509.5
2,7509.7
21,7509.7
31,7509.9
28,7510.1
12,7510.1
29,7510.9
27,7512.0
18,7512.1
30,7512.3
5,7512.3
13,7512.8
14,7513.8
19,7513.9
6,7514.0
11,7514.2
3,7514.3
7,7515.2
20,7515.4
2,7515.9
4,7516.1
21,7516.1
23,7516.5
12,7517.2
31,7517.3
28,7517.6
19,7518.2
29,7519.6
18,7520.5
11,7520.7
30,7521.0
3,7521.4
5,7521.7
20,7523.6
21,7524.3
2,7524.4
19,7525.3
4,7526.8
6,7530.0
12,7530.4
31,7531.8
28,7535.0
11,7540.4
19,7542.9
11,7588.6
19,7588.7
3,7588.8
20,7589.2
4,7589.3
23,7589.3
2,7589.3
21,7589.4
31,7589.6
28,7589.8
12,7589.9
29,7590.6
27,7591.7
5,7591.7
30,7591.8
18,7591.8
13,7592.4
14,7593.0
19,7593.5
6,7593.6
11,7593.8
3,7594.0
7,7594.5
20,7594.8
2,7595.3
4,7595.6
21,7595.6
23,7596.1
31,7596.6
12,7596.7
28,7597.1
19,7597.9
29,7599.2
18,7600.1
11,7600.4
30,7600.4
5,7600.7
3,7600.8
20,7602.5
21,7603.3
2,7603.5
19,7604.9
4,7605.5
12,7609.4
31,7609.8
6,7610.8
28,7612.9
11,7619.1
19,7623.1
19,7660.5
2,7662.9
6,7663.0
11,7668.6
3,7668.7
19,7668.9
23,7669.1
4,7669.2
20,7669.2
21,7669.4
31,7669.5
28,7669.8
12,7669.9
2,7670.4
29,7670.5
27,7671.7
18,7671.8
5,7671.9
30,7672.0
13,7672.2
14,7672.8
19,7673.4
11,7673.6
3,7673.8
7,7674.3
20,7675.0
6,7675.0
4,7675.5
21,7675.6
23,7675.9
31,7676.6
2,7676.6
28,7677.0
12,7677.5
19,7678.6
29,7679.0
18,7679.9
11,7680.0
3,7680.7
30,7680.7
5,7680.8
20,7682.3
21,7683.3
4,7685.5
19,7688.5
12,7689.5
31,7689.6
2,7691.3
28,7692.4
11,7696.8
5,7732.8
30,7732.9
12,7733.0
20,7733.2
19,7748.6
11,7748.6
3,7748.7
20,7749.1
23,7749.1
4,7749.2
2,7749.3
21,7749.4
31,7749.5
12,7749.7
28,7749.8
29,7750.5
5,7751.4
30,7751.5
27,7751.6
18,7751.8
13,7752.2
14,7752.9
19,7753.4
6,7753.5
11,7753.6
3,7753.8
7,7754.3
20,7754.7
21,7755.5
2,7755.5
4,7755.5
23,7756.0
31,7756.6
28,7756.9
19,7757.6
12,7758.2
29,7759.0
18,7759.9
11,7760.0
3,7760.5
30,7761.7
20,7761.7
5,7761.7
21,7763.2
2,7763.4
19,7764.3
4,7765.3
12,7768.1
6,7769.5
31,7770.4
28,7773.1
20,7777.0
11,7778.0
19,7782.6
19,7808.9
2,7811.3
6,7811.4
5,7813.0
30,7813.1
12,7813.2
20,7813.4
2,8134.1
20,8134.4
23,8134.5
21,8134.7
11,8134.8
31,8134.8
19,8134.9
3,8134.9
12,8135.1
16,8136.8
27,8137.0
4,8137.1
5,8137.3
30,8137.3
13,8137.7
0,8137.8
28,8138.2
14,8138.6
25,8138.7
17,8138.8
2,8138.9
6,8139.1
7,8140.2
20,8140.4
21,8141.1
29,8141.3
23,8141.5
19,8141.6
12,8142.2
31,8142.3
3,8143.1
11,8143.6
2,8144.1
30,8146.0
5,8146.7
20,8148.6
21,8149.3
19,8152.4
2,8154.4
12,8155.4
6,8156.6
31,8157.4
16,8166.2
2,8213.7
20,8214.2
23,8214.3
21,8214.5
31,8214.6
11,8214.6
3,8214.6
19,8214.7
12,8214.9
16,8216.2
5,8216.7
27,8216.8
30,8216.8
4,8216.9
0,8217.2
13,8217.4
28,8217.7
14,8218.1
25,8218.1
17,8218.2
2,8218.5
6,8218.7
7,8219.4
20,8219.8
21,8220.6
29,8220.7
23,8221.1
19,8221.1
31,8221.6
12,8221.7
3,8222.8
11,8222.9
2,8223.5
30,8225.4
5,8225.9
20,8227.5
21,8228.6
19,8231.3
2,8232.8
16,8233.8
12,8234.4
31,8234.8
6,8236.1
19,8285.9
2,8287.6
6,8288.1
20,8294.2
23,8294.2
2,8294.3
31,8294.5
3,8294.5
11,8294.5
21,8294.5
12,8294.9
19,8295.1
16,8296.2
27,8296.7
4,8296.8
5,8296.9
30,8297.0
13,8297.2
0,8297.2
28,8297.6
14,8297.9
25,8298.1
17,8298.2
2,8298.8
7,8299.2
20,8300.0
6,8300.1
29,8300.6
21,8300.6
23,8301.0
31,8301.6
12,8302.5
19,8302.5
3,8302.6
11,8303.0
2,8305.0
30,8305.7
5,8306.0
20,8307.4
21,8308.6
16,8312.8
12,8314.5
31,8314.6
2,8321.3
30,8357.9
5,8357.9
12,8358.0
20,8358.3
2,8373.6
20,8374.1
23,8374.1
21,8374.4
3,8374.5
31,8374.5
11,8374.5
19,8374.6
12,8374.7
16,8376.1
5,8376.5
30,8376.5
27,8376.6
4,8376.8
0,8377.1
13,8377.2
28,8377.6
14,8378.0
25,8378.0
17,8378.1
2,8378.5
6,8378.6
7,8379.2
20,8380.0
29,8380.6
21,8380.6
23,8381.0
19,8381.1
31,8381.6
3,8382.6
11,8383.0
12,8383.2
2,8383.5
30,8386.7
5,8386.8
20,8386.9
21,8388.7
19,8391.3
2,8392.5
12,8393.1
16,8394.3
6,8394.5
31,8395.4
20,8405.2
19,8434.2
2,8435.8
6,8436.4
30,8438.1
5,8438.1
12,8438.2
20,8438.5
21,8759.2
20,8759.4
23,8759.5
11,8759.8
31,8759.8
19,8759.9
3,8759.9
12,8760.1
2,8760.2
16,8761.6
26,8761.7
27,8762.0
4,8762.2
5,8762.3
30,8762.3
0,8762.6
13,8762.7
9,8762.7
28,8763.2
25,8763.5
17,8763.6
14,8763.6
6,8764.1
21,8764.2
7,8765.2
20,8765.4
29,8766.4
23,8766.5
19,8766.7
12,8767.2
2,8767.3
31,8767.3
3,8768.2
11,8768.7
21,8769.7
30,8771.0
5,8771.7
20,8773.6
19,8777.8
12,8780.4
31,8780.8
21,8781.1
6,8781.6
2,8782.2
16,8785.6
21,8838.9
20,8839.2
23,8839.3
3,8839.6
11,8839.6
31,8839.6
19,8839.7
12,8839.9
2,8840.0
16,8841.2
26,8841.4
30,8841.8
27,8841.8
5,8841.8
4,8841.9
0,8842.3
9,8842.3
13,8842.3
28,8842.8
25,8843.1
14,8843.1
17,8843.2
6,8843.7
21,8843.9
7,8844.6
20,8844.8
29,8845.8
19,8846.1
23,8846.1
31,8846.6
2,8846.7
12,8846.7
3,8847.8
11,8848.0
21,8849.4
30,8850.2
5,8851.1
20,8852.5
19,8856.3
16,8858.6
31,8859.2
12,8859.4
2,8860.6
21,8861.0
6,8861.1
19,8910.9
6,8913.1
2,8913.1
21,8918.9
23,8919.2
20,8919.2
11,8919.5
31,8919.5
3,8919.6
12,8919.9
19,8920.1
2,8920.7
16,8921.1
26,8921.3
27,8921.7
4,8921.8
30,8922.0
5,8922.0
9,8922.1
0,8922.2
13,8922.2
28,8922.6
14,8922.9
25,8923.0
17,8923.1
21,8923.7
7,8924.4
20,8925.0
6,8925.1
29,8925.6
23,8926.0
31,8926.6
12,8927.5
19,8927.5
3,8927.6
11,8928.0
2,8929.0
21,8929.1
30,8930.6
5,8931.2
20,8932.4
16,8937.6
31,8939.1
12,8939.5
21,8939.7
30,8982.9
5,8983.0
12,8983.0
20,8983.3
21,8998.9
23,8999.1
20,8999.1
31,8999.5
3,8999.5
11,8999.5
19,8999.6
12,8999.7
2,8999.9
16,9001.1
26,9001.3
30,9001.5
5,9001.5
27,9001.6
4,9001.8
9,9002.1
13,9002.2
0,9002.2
28,9002.7
25,9003.0
14,9003.0
17,9003.1
6,9003.6
21,9003.8
7,9004.4
20,9005.0
29,9005.6
23,9006.0
19,9006.1
31,9006.5
2,9006.7
3,9007.6
11,9008.0
12,9008.2
21,9009.1
30,9011.7
5,9011.9
20,9011.9
19,9016.3
12,9018.1
16,9018.9
31,9019.1
6,9019.5
21,9020.2
2,9020.8
20,9030.2
19,9059.2
6,9061.4
2,9061.4
30,9063.1
5,9063.1
12,9063.2
20,9063.5
3,9383.8
20,9384.4
23,9384.5
16,9384.5
26,9384.6
11,9384.8
19,9384.9
12,9385.1
9,9385.2
2,9385.3
21,9385.5
27,9387.0
4,9387.2
30,9387.3
5,9387.3
0,9387.6
13,9387.7
28,9388.2
25,9388.5
3,9388.6
14,9388.6
17,9388.6
31,9389.0
6,9389.1
7,9390.2
16,9390.4
20,9390.4
26,9390.9
29,9391.4
23,9391.5
19,9391.7
12,9392.2
2,9392.3
9,9393.6
11,9393.7
21,9395.7
30,9396.0
5,9396.7
3,9397.3
20,9398.6
19,9402.8
16,9404.5
12,9405.4
6,9406.6
2,9408.1
26,9418.5
3,9463.5
20,9464.2
16,9464.3
26,9464.3
23,9464.3
11,9464.6
19,9464.7
12,9464.9
9,9464.9
2,9465.0
21,9465.3
30,9466.8
27,9466.8
4,9466.9
5,9466.9
13,9467.3
0,9467.4
28,9467.9
3,9468.1
17,9468.1
25,9468.1
14,9468.1
31,9468.5
6,9468.7
7,9469.7
20,9469.8
16,9469.9
26,9470.4
29,9471.0
23,9471.1
19,9471.2
12,9471.7
2,9471.9
11,9473.0
9,9473.1
21,9474.9
30,9475.4
3,9475.5
5,9476.2
16,9477.5
20,9477.9
26,9478.0
19,9481.4
9,9481.7
3,9483.5
12,9484.4
6,9486.1
16,9486.7
2,9487.0
26,9489.7
19,9535.9
6,9538.1
2,9538.3
3,9543.4
23,9544.2
16,9544.2
20,9544.2
26,9544.3
11,9544.5
9,9544.8
12,9544.9
19,9545.1
21,9545.3
2,9545.7
4,9546.8
27,9546.8
30,9547.0
5,9547.0
13,9547.2
0,9547.2
28,9547.7
14,9547.8
17,9548.0
25,9548.0
3,9548.1
31,9548.4
7,9549.6
16,9549.7
26,9550.1
6,9550.1
20,9550.3
29,9550.8
23,9551.0
12,9552.5
19,9552.5
9,9553.0
11,9553.0
2,9554.3
21,9554.9
3,9555.2
30,9555.6
5,9556.2
16,9556.8
26,9557.4
20,9557.8
9,9561.8
3,9563.1
12,9564.5
16,9566.1
26,9569.0
30,9607.9
12,9608.0
5,9608.0
20,9608.5
3,9623.4
20,9624.1
23,9624.2
16,9624.2
26,9624.3
11,9624.5
19,9624.6
12,9624.7
9,9624.8
2,9624.9
21,9625.2
30,9626.5
5,9626.5
27,9626.7
4,9626.8
0,9627.2
13,9627.2
28,9627.7
14,9627.9
25,9628.0
17,9628.0
3,9628.1
31,9628.5
6,9628.6
7,9629.6
16,9629.7
20,9630.0
26,9630.1
29,9630.8
23,9631.0
19,9631.2
2,9631.7
11,9633.0
9,9633.0
12,9633.2
21,9635.1
3,9636.0
30,9636.7
5,9636.9
20,9636.9
19,9641.3
16,9641.6
12,9643.1
6,9644.5
26,9645.1
2,9646.2
19,9684.3
6,9686.4
2,9686.6
5,9688.1
30,9688.1
12,9688.2
20,9688.6
