210,103.5
187,103.9
99,104.6
166,105.2
34,105.6
316,105.9
363,106.6
13,106.8
346,106.9
258,107.3
362,108.8
159,108.8
221,108.9
210,109.2
187,109.2
99,110.4
62,110.7
262,110.8
166,111.2
316,111.6
34,111.7
363,112.4
365,112.5
13,112.5
346,112.6
258,113.6
159,114.7
362,114.8
221,114.8
187,115.2
210,115.7
62,116.9
99,116.9
262,117.3
166,117.9
316,117.9
34,118.5
13,119.0
363,119.0
365,119.2
346,119.2
258,120.7
111,121.1
159,121.5
221,121.6
362,121.6
187,122.0
210,122.9
62,124.0
99,124.4
262,124.7
316,125.1
166,125.5
152,125.9
34,126.2
363,126.3
13,126.4
346,126.7
365,126.7
111,128.4
258,128.9
159,129.2
362,129.5
221,129.5
187,129.9
210,132.7
62,132.7
99,133.3
152,133.4
316,134.8
34,135.0
262,135.5
13,135.6
363,135.7
365,136.4
346,136.8
166,137.7
111,137.9
159,138.3
362,140.0
187,140.8
221,141.2
152,142.2
34,145.6
62,145.9
13,148.2
365,148.9
159,149.4
363,149.8
152,153.6
99,154.1
346,154.8
111,155.9
362,156.7
34,159.0
159,165.6
152,174.0
159,174.6
34,175.4
159,180.6
152,180.7
34,181.4
159,187.1
152,187.4
34,188.8
159,195.3
34,195.6
152,195.9
34,204.9
159,208.5
187,265.4
210,267.8
99,269.0
316,269.9
187,271.3
363,271.6
13,273.5
210,274.7
166,275.6
99,275.9
316,276.8
187,278.1
363,278.7
221,278.8
13,280.3
210,281.9
166,283.8
99,284.0
316,285.1
187,286.0
221,287.1
363,287.5
13,288.7
210,291.3
99,293.6
166,294.6
187,295.0
316,296.2
221,297.0
363,297.8
13,298.9
99,308.2
13,323.6
187,648.3
210,648.3
99,649.3
166,649.9
316,650.2
34,650.3
13,650.9
363,650.9
346,651.0
258,651.7
362,652.3
159,652.7
221,652.8
210,653.5
262,653.6
187,653.7
62,654.3
365,654.6
99,655.2
34,655.6
316,655.9
166,655.9
13,656.6
363,656.7
346,656.8
61,657.5
362,657.7
258,657.9
207,658.2
159,658.5
221,658.8
262,659.3
210,659.4
187,659.8
62,660.6
365,660.6
111,660.6
34,661.6
99,661.7
316,662.3
166,662.6
152,663.1
13,663.1
363,663.2
346,663.4
61,663.5
362,663.7
207,664.5
258,664.9
159,665.2
221,665.6
262,665.8
210,665.9
187,666.7
365,667.4
111,667.5
62,667.7
34,668.4
99,669.0
316,669.7
152,670.1
61,670.4
13,670.4
166,670.5
362,670.6
363,670.7
346,670.9
207,671.7
159,672.9
258,673.2
221,673.6
262,674.1
187,674.7
365,675.8
111,675.9
34,676.2
210,676.4
62,677.1
152,678.5
99,678.6
61,679.0
362,680.2
13,680.5
207,681.3
159,681.8
363,681.9
346,682.4
316,683.5
34,685.9
365,688.2
152,690.6
61,692.0
159,692.7
362,695.4
34,698.6
159,708.3
159,719.8
34,720.6
159,725.8
34,726.6
159,732.5
34,732.6
187,734.2
34,740.1
187,740.4
159,741.4
187,747.9
34,751.3
187,756.6
41,761.8
187,770.0
41,770.4
41,780.0
41,791.0
41,799.3
41,805.9
99,812.3
41,812.3
210,813.6
316,814.4
13,815.1
363,815.2
346,815.7
362,815.7
166,817.3
99,819.3
41,820.5
316,821.0
210,821.1
363,822.1
13,822.2
362,822.4
346,822.5
221,823.5
262,825.7
166,825.8
99,827.1
316,829.4
362,830.2
13,830.2
363,830.5
210,830.5
346,830.9
221,832.1
262,834.9
99,836.5
166,836.7
362,839.7
316,840.1
13,840.2
363,840.6
346,840.8
221,842.3
210,848.3
187,890.4
34,892.2
187,896.0
34,898.4
159,899.0
365,900.8
61,901.3
187,902.5
34,905.5
159,905.9
365,908.3
61,909.2
187,910.1
34,913.8
159,913.9
365,917.1
61,918.4
187,920.0
159,923.1
34,923.5
365,928.3
61,930.9
159,934.8
34,938.0
159,952.9
187,1273.0
210,1273.0
99,1274.3
34,1274.5
316,1274.6
166,1274.8
363,1275.3
362,1275.6
13,1275.7
346,1275.9
262,1276.5
258,1276.7
221,1276.9
365,1277.5
159,1277.8
187,1278.1
210,1278.4
62,1279.2
207,1279.5
61,1279.6
316,1279.8
34,1280.0
99,1280.2
166,1280.8
363,1281.1
362,1281.1
13,1281.4
346,1281.6
262,1282.2
221,1282.8
258,1282.9
365,1283.5
187,1283.8
159,1283.8
210,1284.0
111,1285.2
62,1285.3
61,1285.5
207,1285.6
316,1285.7
99,1285.7
34,1286.2
346,1286.9
362,1287.1
166,1287.4
152,1287.5
363,1287.7
13,1287.9
262,1288.7
41,1289.4
221,1289.5
258,1289.9
210,1290.1
187,1290.3
365,1290.3
159,1290.6
99,1291.9
111,1292.1
61,1292.2
62,1292.3
316,1292.5
207,1292.6
34,1293.2
346,1293.2
362,1294.3
152,1294.5
363,1295.2
13,1295.3
166,1295.5
41,1296.2
262,1297.2
221,1297.8
187,1298.0
159,1298.5
365,1298.8
258,1299.3
99,1299.7
210,1300.0
111,1300.8
34,1301.4
61,1301.5
346,1301.9
62,1302.0
207,1302.5
152,1303.0
316,1303.3
41,1304.4
362,1304.8
13,1305.8
363,1306.2
159,1307.6
34,1311.6
365,1312.7
41,1314.9
152,1315.9
346,1317.9
159,1318.8
34,1324.6
159,1334.9
159,1344.6
34,1349.7
159,1350.5
34,1355.6
159,1357.2
187,1360.1
34,1361.9
316,1362.9
159,1364.3
210,1365.2
187,1366.2
362,1367.3
312,1368.6
34,1369.4
316,1370.5
187,1373.5
159,1374.6
210,1375.3
312,1375.3
362,1375.8
34,1380.3
316,1382.0
187,1382.5
312,1383.1
362,1386.6
312,1393.1
99,1438.1
13,1439.8
346,1439.9
363,1439.9
316,1441.4
210,1442.2
365,1442.3
187,1442.4
221,1442.4
262,1443.9
99,1444.4
13,1446.0
346,1446.4
363,1447.0
362,1447.6
316,1448.2
365,1448.8
221,1449.7
187,1449.9
210,1450.9
262,1451.2
99,1451.5
13,1453.4
346,1454.0
363,1455.6
362,1455.8
365,1457.0
316,1457.6
221,1458.9
187,1459.0
99,1460.0
262,1461.5
13,1462.9
346,1463.9
363,1466.8
365,1468.3
362,1469.7
187,1470.6
221,1479.9
34,1516.5
210,1518.7
316,1520.2
166,1520.3
159,1520.7
34,1521.9
187,1522.7
210,1525.8
316,1527.0
166,1527.0
159,1527.1
346,1527.6
111,1527.6
258,1527.9
34,1528.3
362,1529.4
187,1529.5
61,1534.2
312,1534.3
159,1534.6
111,1535.3
166,1535.4
34,1535.7
258,1535.8
346,1535.9
210,1536.5
316,1536.8
207,1537.3
187,1538.0
362,1538.2
312,1542.4
61,1542.9
159,1543.4
111,1544.3
34,1544.5
258,1545.9
346,1546.9
207,1547.1
166,1547.9
187,1548.9
362,1554.0
159,1554.3
312,1555.3
34,1556.4
61,1561.1
111,1562.6
159,1569.8
187,1897.9
210,1898.0
316,1899.2
99,1899.3
34,1899.5
166,1899.9
13,1900.2
363,1900.3
346,1900.5
362,1900.6
262,1901.4
258,1901.8
221,1901.9
159,1902.3
365,1902.3
210,1903.0
187,1903.0
62,1903.6
61,1903.8
316,1904.1
207,1904.3
99,1904.5
34,1904.7
13,1905.3
166,1905.4
346,1905.5
362,1905.6
363,1906.1
111,1906.8
262,1906.8
258,1907.2
221,1907.3
159,1907.7
365,1907.7
41,1907.8
187,1908.3
312,1908.4
210,1908.7
316,1909.6
61,1909.7
242,1909.8
62,1909.9
34,1910.3
99,1910.4
207,1910.5
152,1910.6
13,1911.2
362,1911.2
346,1911.3
166,1911.4
105,1911.6
111,1912.7
363,1912.7
241,1912.9
262,1912.9
258,1913.1
221,1913.4
365,1913.8
312,1913.9
159,1914.0
41,1914.2
187,1914.4
210,1915.1
316,1916.0
242,1916.1
90,1916.4
61,1916.5
34,1916.7
62,1917.0
99,1917.1
152,1917.4
207,1917.5
362,1917.9
13,1918.1
346,1918.2
105,1918.4
166,1918.8
73,1919.6
111,1919.7
241,1919.7
363,1920.5
221,1921.0
312,1921.1
159,1921.1
258,1921.1
262,1921.3
365,1921.4
41,1921.5
187,1921.5
90,1923.5
242,1923.6
34,1924.2
316,1925.1
152,1925.5
99,1926.2
61,1926.4
105,1926.6
362,1927.1
241,1927.3
62,1927.4
13,1927.4
73,1927.5
346,1928.1
207,1929.7
159,1929.7
41,1930.8
90,1931.8
210,1932.2
365,1932.2
363,1932.6
312,1932.7
111,1933.1
242,1933.4
34,1933.4
187,1933.8
241,1936.3
105,1936.7
73,1937.8
152,1939.3
159,1940.1
362,1942.1
90,1942.1
13,1943.1
34,1945.2
241,1947.4
41,1948.5
242,1948.9
73,1951.7
105,1952.3
159,1953.5
90,1956.5
90,1970.7
159,1971.9
90,1977.1
159,1977.8
34,1980.3
90,1983.4
187,1983.8
159,1984.2
316,1984.6
34,1986.5
187,1990.5
316,1992.0
90,1992.1
159,1992.5
34,1994.2
187,1999.1
316,2002.2
34,2004.8
159,2006.7
187,2062.0
99,2062.6
210,2062.7
316,2064.1
13,2064.2
362,2064.2
346,2064.3
363,2065.2
365,2065.4
166,2066.3
262,2066.9
221,2067.3
187,2068.0
34,2068.2
99,2068.8
210,2069.7
362,2070.4
13,2070.7
346,2070.9
316,2071.1
365,2072.1
312,2072.3
363,2072.6
166,2073.9
221,2074.6
262,2074.7
187,2075.1
34,2075.2
99,2076.0
362,2077.9
13,2078.4
210,2078.7
346,2078.7
312,2079.7
316,2079.8
365,2080.0
363,2081.1
221,2083.2
34,2083.8
187,2083.8
166,2084.3
262,2085.0
99,2085.0
13,2088.3
362,2088.5
312,2090.2
346,2090.4
365,2090.8
363,2092.5
34,2094.8
221,2102.1
187,2142.5
316,2144.3
159,2145.4
210,2147.4
362,2148.2
187,2148.5
99,2149.6
34,2150.7
316,2150.9
258,2151.6
159,2151.7
61,2152.1
187,2155.8
362,2156.1
210,2156.5
111,2156.6
99,2157.4
34,2158.4
159,2159.1
316,2159.8
61,2160.7
258,2161.0
187,2164.8
111,2165.0
362,2166.1
99,2166.5
159,2167.8
34,2167.9
61,2170.8
210,2171.7
258,2174.6
111,2176.3
99,2178.6
159,2178.8
34,2181.1
159,2195.3
210,2522.7
187,2522.9
316,2523.8
99,2523.9
34,2524.3
13,2524.9
166,2524.9
346,2524.9
362,2524.9
363,2525.1
262,2525.5
365,2525.8
221,2526.0
159,2526.8
258,2526.9
210,2527.8
187,2528.1
61,2528.4
207,2528.6
62,2528.7
316,2528.8
99,2529.2
111,2529.3
34,2529.9
362,2530.0
346,2530.2
13,2530.3
166,2530.7
363,2530.9
262,2531.0
365,2531.2
221,2531.4
242,2532.1
241,2532.5
159,2532.5
312,2532.7
258,2533.0
105,2533.4
41,2533.4
210,2533.6
187,2534.0
61,2534.3
316,2534.3
207,2534.7
62,2534.8
99,2535.2
111,2535.2
362,2535.9
152,2536.0
346,2536.2
34,2536.3
13,2536.4
262,2537.2
365,2537.3
166,2537.4
363,2537.5
221,2537.7
242,2538.3
159,2538.8
241,2538.9
312,2539.0
41,2539.9
258,2540.0
105,2540.0
210,2540.3
187,2540.7
316,2540.8
61,2541.0
207,2541.8
62,2541.9
111,2542.0
99,2542.1
362,2542.8
152,2542.9
346,2543.3
34,2543.3
13,2543.6
365,2544.8
221,2545.2
242,2545.5
363,2545.5
359,2545.5
262,2545.7
241,2546.2
159,2546.2
166,2546.5
41,2547.1
312,2547.7
105,2548.2
187,2549.0
316,2550.5
61,2550.8
152,2551.4
34,2551.7
99,2551.7
362,2552.5
111,2552.6
62,2552.6
13,2553.2
207,2553.4
359,2553.5
346,2554.1
159,2554.9
241,2555.0
365,2555.6
242,2555.7
41,2556.5
363,2557.6
105,2560.0
258,2561.1
34,2562.0
359,2562.8
159,2565.4
221,2566.3
241,2566.8
152,2568.7
13,2573.2
359,2574.1
34,2575.1
41,2577.6
159,2578.9
359,2593.0
159,2596.6
359,2599.3
34,2601.0
159,2602.5
359,2606.7
34,2606.9
187,2607.4
159,2608.9
210,2609.2
316,2610.7
187,2613.3
34,2613.5
99,2614.1
359,2614.8
159,2616.9
346,2617.8
316,2618.1
210,2618.9
187,2620.2
99,2622.2
34,2622.3
346,2628.2
187,2628.5
316,2628.7
159,2629.5
359,2632.3
99,2635.4
346,2646.3
210,2687.4
362,2687.8
316,2688.0
187,2688.0
13,2688.2
365,2688.6
363,2689.5
221,2689.9
262,2690.6
166,2693.1
187,2694.2
362,2694.3
316,2694.6
210,2694.6
13,2694.9
365,2695.2
34,2696.1
363,2696.7
221,2696.8
312,2698.5
262,2698.5
187,2701.3
166,2701.3
362,2702.1
13,2702.9
316,2703.0
365,2703.1
34,2703.6
210,2704.3
363,2705.0
221,2705.0
312,2706.3
262,2708.9
187,2710.1
166,2711.6
362,2712.1
13,2712.5
34,2712.9
365,2713.6
363,2716.9
221,2718.2
312,2720.4
34,2724.9
99,2766.0
187,2767.2
346,2767.9
316,2768.4
159,2769.8
210,2770.7
362,2772.0
99,2772.1
187,2773.5
346,2774.6
316,2775.2
159,2776.1
258,2776.5
34,2778.5
242,2779.2
99,2779.4
210,2779.6
362,2779.8
187,2781.1
111,2781.3
90,2782.1
13,2782.1
346,2783.0
159,2783.6
316,2784.4
258,2785.4
34,2787.1
242,2787.1
99,2787.9
362,2789.5
90,2789.6
61,2790.0
111,2790.0
187,2790.3
13,2791.7
159,2792.4
210,2792.9
346,2793.7
242,2797.7
34,2798.1
258,2799.3
90,2800.4
61,2802.4
159,2803.2
111,2807.6
13,2807.9
34,2817.0
159,2818.0
187,3148.3
210,3148.5
316,3149.1
34,3149.9
99,3149.9
362,3150.6
346,3150.7
13,3150.7
166,3150.7
262,3151.4
363,3151.6
365,3151.7
221,3152.0
258,3152.3
159,3153.1
312,3154.5
61,3155.2
111,3156.1
207,3157.0
62,3157.6
242,3161.1
41,3164.3
90,3164.5
73,3164.7
241,3173.5
187,3228.5
210,3228.7
316,3229.2
34,3230.1
99,3230.3
362,3230.9
346,3231.0
13,3231.2
166,3231.4
262,3231.9
365,3232.1
221,3232.7
363,3233.0
258,3233.0
159,3234.2
312,3234.9
61,3237.6
111,3238.3
207,3248.3
187,3308.6
210,3308.9
316,3309.3
34,3310.3
99,3310.6
362,3311.1
346,3311.3
13,3311.6
166,3311.8
262,3312.2
365,3312.5
221,3313.1
258,3313.6
363,3313.6
159,3314.9
312,3315.4
61,3319.5
111,3320.5
187,3388.7
210,3388.9
316,3389.4
34,3390.3
99,3390.6
362,3391.2
346,3391.5
13,3391.8
166,3391.8
262,3392.2
365,3392.5
221,3393.3
258,3393.6
363,3394.1
159,3395.3
312,3395.4
61,3400.9
111,3401.8
207,3409.7
210,3769.7
363,3770.8
99,3771.0
346,3771.5
187,3773.3
34,3774.9
166,3775.7
258,3777.3
61,3780.1
77,3780.6
113,3781.0
207,3782.0
210,3782.3
62,3782.7
242,3786.0
90,3789.2
41,3789.3
346,3789.8
73,3789.9
210,3849.9
363,3850.9
99,3851.3
346,3852.0
187,3853.4
34,3855.1
166,3856.4
258,3858.0
61,3862.6
113,3863.1
77,3863.3
210,3865.8
207,3874.2
210,3930.1
363,3931.0
99,3931.3
346,3931.8
187,3933.6
34,3935.3
166,3936.8
258,3938.6
61,3944.5
113,3945.2
77,3946.3
210,3948.8
210,4010.2
363,4011.0
99,4011.3
346,4011.9
187,4013.7
34,4015.3
166,4016.8
258,4018.6
61,4025.8
113,4026.4
77,4029.1
210,4029.5
207,4035.0
210,4394.6
99,4395.9
34,4396.2
346,4396.4
73,4397.9
275,4399.6
35,4399.9
166,4400.7
314,4401.5
86,4401.5
258,4402.3
68,4404.1
363,4405.1
61,4405.1
77,4405.4
357,4405.6
113,4405.9
207,4407.0
210,4407.0
220,4407.3
62,4407.7
34,4408.8
367,4410.2
242,4411.0
73,4414.8
346,4415.6
210,4474.9
34,4476.3
99,4476.4
346,4477.0
73,4478.1
275,4479.4
35,4479.9
166,4481.4
314,4481.7
86,4481.9
258,4483.0
68,4485.9
357,4486.2
61,4487.6
77,4487.9
113,4488.2
210,4490.8
220,4490.9
34,4493.3
363,4494.2
367,4499.0
207,4499.2
210,4555.1
99,4556.3
34,4556.7
346,4556.8
73,4558.2
275,4559.8
35,4560.3
166,4561.8
314,4562.4
86,4562.6
258,4563.6
357,4567.3
68,4568.3
61,4569.5
113,4570.1
77,4570.8
210,4573.8
34,4577.5
210,4635.2
99,4636.3
34,4636.7
346,4636.9
73,4638.3
275,4640.5
35,4641.0
166,4641.8
258,4643.6
86,4645.4
314,4645.4
61,4650.8
113,4651.4
77,4652.8
210,4654.5
363,4656.5
207,4660.0
210,5019.6
99,5020.8
34,5021.1
346,5021.4
68,5022.0
73,5022.7
187,5023.4
367,5023.7
275,5024.3
35,5024.7
264,5025.0
314,5026.1
186,5026.1
86,5026.3
258,5027.3
166,5029.1
61,5030.1
77,5030.4
357,5030.4
363,5030.5
113,5030.9
220,5031.6
210,5032.0
207,5032.0
34,5033.7
242,5036.0
73,5039.7
346,5040.6
210,5099.9
34,5101.3
99,5101.6
346,5102.0
68,5102.3
73,5103.1
187,5103.6
367,5103.9
275,5104.5
35,5104.9
264,5105.4
186,5106.4
314,5106.8
86,5107.0
258,5108.0
166,5110.9
357,5111.2
61,5112.6
77,5112.9
113,5113.2
210,5115.7
220,5115.8
34,5118.1
207,5123.8
210,5180.1
99,5181.3
346,5181.8
34,5181.8
68,5182.8
73,5183.4
187,5183.7
367,5184.5
275,5185.0
35,5185.5
264,5186.1
186,5186.7
314,5187.7
86,5188.0
258,5188.6
357,5192.4
166,5192.5
61,5194.5
113,5195.1
77,5195.5
210,5197.0
34,5202.3
210,5260.1
99,5261.2
34,5261.8
346,5261.9
68,5262.4
73,5263.2
187,5263.7
367,5264.3
275,5265.1
35,5265.5
264,5266.1
186,5266.7
314,5267.9
86,5268.2
258,5268.6
166,5272.9
357,5272.9
61,5275.8
113,5276.4
77,5277.6
34,5278.6
210,5279.4
207,5284.5
363,5289.1
34,5646.1
210,5646.8
68,5647.0
73,5647.7
187,5648.3
367,5648.7
14,5648.9
13,5649.1
275,5649.3
35,5649.7
264,5649.9
186,5651.0
314,5651.1
159,5651.1
86,5651.2
258,5652.3
166,5654.2
61,5655.1
77,5655.4
363,5655.5
220,5656.6
207,5657.0
323,5657.1
346,5658.6
34,5658.7
99,5658.8
73,5664.7
34,5726.3
210,5727.1
68,5727.3
73,5728.1
187,5728.6
367,5728.9
14,5729.5
275,5729.5
13,5729.6
35,5729.9
264,5730.3
186,5731.4
314,5731.8
86,5732.0
159,5732.1
258,5733.0
166,5736.2
61,5737.6
77,5737.9
220,5740.7
34,5743.1
207,5748.9
323,5751.7
363,5754.4
34,5806.8
210,5807.2
68,5807.7
73,5808.4
187,5808.7
367,5809.5
14,5809.6
13,5809.8
275,5810.0
35,5810.5
264,5811.1
186,5811.7
159,5812.5
314,5812.7
86,5813.0
258,5813.6
166,5817.8
61,5819.6
77,5820.5
34,5827.3
34,5886.8
210,5887.2
68,5887.4
73,5888.2
187,5888.7
367,5889.3
14,5889.8
13,5890.1
275,5890.1
35,5890.5
264,5891.1
186,5891.7
159,5892.9
314,5892.9
86,5893.2
258,5893.6
166,5898.2
61,5900.9
77,5902.6
34,5903.6
207,5909.5
73,6272.7
367,6273.6
13,6273.9
14,6273.9
275,6274.3
35,6274.7
264,6274.9
34,6275.4
159,6275.9
186,6276.0
314,6276.1
86,6276.2
93,6276.4
261,6277.1
210,6277.3
316,6277.9
187,6278.6
361,6279.9
61,6280.1
233,6280.6
220,6281.7
41,6282.2
90,6282.5
68,6282.6
262,6282.7
232,6283.6
346,6284.5
179,6284.6
73,6290.0
73,6353.0
367,6353.9
14,6354.4
275,6354.5
13,6354.5
35,6354.9
264,6355.3
34,6355.5
186,6356.4
93,6356.5
314,6356.8
159,6357.0
86,6357.0
261,6357.6
316,6358.4
210,6358.7
187,6359.6
233,6362.5
61,6362.6
361,6362.6
90,6364.6
220,6365.7
41,6365.9
262,6366.8
73,6433.3
367,6434.5
14,6434.6
13,6434.7
275,6435.0
35,6435.5
34,6436.0
264,6436.1
186,6436.7
93,6437.0
159,6437.4
314,6437.7
86,6438.0
261,6438.8
316,6439.1
210,6439.4
187,6440.4
61,6444.4
233,6445.3
361,6446.5
90,6447.2
41,6454.3
73,6513.2
367,6514.3
14,6514.8
13,6515.0
275,6515.1
35,6515.5
264,6516.1
34,6516.1
186,6516.7
93,6517.5
159,6517.8
314,6517.9
86,6518.2
261,6519.4
210,6519.6
316,6520.2
187,6520.6
61,6525.6
233,6525.7
90,6529.7
73,6895.7
367,6895.8
186,6897.1
220,6898.2
187,6898.6
275,6899.3
35,6899.7
264,6899.9
41,6900.3
34,6900.5
86,6901.3
93,6901.3
261,6901.8
316,6902.5
323,6903.1
361,6904.5
226,6904.9
61,6905.1
233,6905.3
38,6906.1
73,6906.2
90,6907.4
262,6907.5
322,6907.6
232,6908.0
68,6908.1
367,6908.6
179,6909.3
383,6910.0
73,6975.9
367,6976.2
186,6977.5
220,6978.4
187,6978.8
275,6979.5
35,6979.9
264,6980.3
34,6980.5
41,6980.6
93,6981.6
86,6982.0
261,6982.6
316,6983.4
323,6984.9
226,6987.4
61,6987.5
361,6987.6
233,6987.7
38,6988.5
73,6988.7
90,6989.8
262,6992.3
322,6992.5
367,6996.6
73,7056.3
367,7056.8
186,7057.5
220,7058.9
187,7059.0
275,7060.0
35,7060.5
41,7061.0
34,7061.1
264,7061.1
93,7062.5
86,7063.0
261,7064.9
323,7065.9
316,7066.1
73,7069.1
61,7069.2
38,7071.9
73,7136.0
367,7136.3
186,7137.5
220,7138.9
187,7139.0
275,7140.1
35,7140.5
41,7141.0
34,7141.1
264,7141.1
93,7141.9
86,7143.2
261,7144.1
316,7144.3
323,7146.2
73,7147.3
361,7148.1
226,7148.5
233,7148.9
90,7149.4
61,7150.3
262,7151.3
367,7152.0
38,7154.2
179,7156.1
322,7157.3
232,7172.9
232,7522.3
220,7523.1
264,7524.9
41,7525.2
93,7525.4
73,7525.6
86,7526.3
175,7526.5
261,7526.8
30,7527.0
356,7527.3
316,7527.5
323,7528.1
367,7528.9
361,7529.5
226,7529.6
61,7530.1
233,7530.4
275,7531.2
262,7532.6
68,7533.2
383,7535.3
35,7550.2
232,7602.5
220,7603.4
264,7605.3
41,7605.6
93,7605.8
73,7606.0
86,7607.0
261,7607.6
175,7607.7
30,7608.2
356,7608.3
316,7608.5
323,7609.9
367,7611.5
226,7612.0
361,7612.6
61,7612.6
233,7612.7
275,7614.4
262,7617.3
232,7682.4
220,7683.9
264,7686.1
41,7686.1
93,7686.4
73,7686.9
86,7688.0
175,7688.2
356,7688.8
30,7689.8
261,7690.1
323,7690.8
316,7691.3
61,7694.3
367,7695.7
275,7698.6
232,7762.6
220,7764.0
41,7765.9
264,7766.2
93,7766.2
73,7767.1
86,7768.2
175,7768.3
261,7769.0
356,7769.1
316,7769.4
30,7770.0
323,7771.2
361,7773.0
226,7773.6
233,7773.9
61,7775.3
262,7776.3
367,7778.7
232,8147.2
220,8148.1
14,8149.8
41,8150.2
93,8150.4
86,8151.3
175,8151.4
261,8151.8
30,8151.9
356,8152.3
316,8152.3
323,8153.1
367,8154.1
361,8154.4
233,8155.3
68,8157.7
383,8160.2
232,8227.5
220,8228.4
14,8230.5
41,8230.6
93,8230.9
86,8232.0
261,8232.6
175,8232.6
316,8233.2
30,8233.2
356,8233.4
323,8234.8
367,8236.8
361,8237.6
233,8237.6
232,8307.4
220,8308.9
14,8310.7
41,8311.1
93,8311.4
86,8313.0
175,8313.2
356,8313.9
30,8314.8
261,8315.1
323,8315.7
316,8315.9
367,8321.6
232,8387.6
220,8389.0
14,8390.9
41,8390.9
93,8391.2
86,8393.2
175,8393.3
261,8394.0
316,8394.2
356,8394.2
30,8395.0
323,8396.1
361,8398.0
233,8398.9
367,8405.3
30,8770.5
232,8772.2
233,8773.4
68,8774.2
41,8775.2
93,8775.4
86,8776.3
175,8776.4
261,8776.8
316,8777.3
323,8778.1
367,8779.2
361,8779.4
356,8779.5
383,8785.2
306,8792.1
30,8850.8
232,8852.5
233,8853.6
68,8854.7
41,8855.6
93,8855.9
86,8857.0
261,8857.6
175,8857.6
316,8858.3
323,8859.8
367,8861.8
356,8861.9
361,8862.6
30,8931.0
232,8932.4
233,8933.7
68,8935.5
41,8936.1
93,8936.4
86,8938.0
175,8938.2
261,8940.1
323,8940.7
316,8941.0
356,8943.9
367,8946.6
30,9010.5
232,9012.6
233,9014.1
68,9015.4
41,9015.9
93,9016.2
86,9018.2
175,9018.3
261,9019.0
316,9019.2
323,9021.1
361,9023.0
356,9025.3
367,9031.0
30,9395.5
261,9396.1
232,9397.2
306,9397.4
233,9398.4
68,9399.1
167,9401.6
367,9404.2
361,9404.4
383,9410.1
116,9410.7
30,9475.7
261,9476.4
232,9477.5
306,9477.6
233,9478.6
68,9479.7
167,9482.1
367,9486.9
361,9487.6
261,9489.5
116,9490.6
171,9495.3
30,9556.0
261,9556.1
232,9557.4
306,9558.3
233,9558.7
68,9560.5
167,9562.3
367,9571.7
116,9572.4
261,9572.5
30,9635.5
261,9636.8
232,9637.6
306,9638.1
233,9639.1
68,9640.4
167,9643.6
361,9648.0
367,9656.1
