22,88.3
6,88.9
31,88.9
17,89.1
2,89.3
14,89.4
30,89.4
15,89.4
13,89.8
1,90.0
23,90.0
11,90.0
12,90.1
19,90.2
10,90.2
29,90.3
27,91.0
5,91.2
22,91.5
3,91.7
24,92.2
21,92.5
18,92.6
7,92.6
6,92.7
8,92.8
31,93.0
2,93.6
4,93.8
26,94.9
17,95.2
15,95.5
22,95.9
14,96.0
30,96.1
13,96.1
19,96.7
10,96.8
1,97.0
11,97.0
12,97.5
6,97.7
31,98.2
23,98.9
2,98.9
22,100.8
24,100.8
27,101.1
29,101.5
15,101.7
17,102.2
8,102.8
14,102.9
6,104.5
19,105.1
31,105.1
1,105.8
2,106.3
12,106.5
22,109.6
3,112.2
13,115.4
15,115.5
6,118.9
14,120.8
31,122.5
2,124.8
10,126.2
22,168.0
31,168.6
6,168.6
17,168.8
2,169.0
15,169.0
14,169.0
30,169.1
13,169.5
1,169.6
23,169.7
12,169.7
11,169.7
19,169.8
10,169.9
29,169.9
27,170.7
5,170.9
22,171.2
3,171.3
24,171.7
18,172.1
21,172.1
8,172.2
7,172.2
6,172.3
31,172.6
2,173.0
4,173.4
26,174.3
17,174.6
15,175.0
22,175.3
14,175.4
30,175.6
13,175.6
19,176.1
10,176.3
1,176.3
12,176.5
11,176.5
6,177.0
31,177.4
2,177.9
23,178.2
22,180.1
27,180.1
29,180.2
24,180.3
17,181.2
15,181.3
8,181.7
14,182.3
6,183.5
31,184.2
19,184.7
2,184.8
1,185.3
12,185.4
22,188.2
3,189.8
13,191.0
10,194.9
15,196.2
30,197.5
6,198.6
31,200.9
17,201.5
2,202.0
14,204.3
22,216.8
22,247.9
6,248.5
31,248.5
17,248.7
15,248.9
30,248.9
2,248.9
14,249.0
13,249.4
1,249.5
23,249.6
12,249.6
11,249.6
10,249.7
19,249.7
29,249.8
27,250.6
5,250.7
22,250.9
3,251.2
24,251.7
21,252.0
18,252.0
7,252.0
6,252.2
8,252.2
31,252.4
2,252.9
4,253.3
26,254.2
15,254.8
17,254.8
22,254.9
14,255.2
30,255.5
13,255.5
19,256.0
1,256.1
10,256.2
11,256.4
12,256.5
6,256.8
31,257.2
2,257.7
23,257.9
22,259.6
27,259.9
29,260.1
24,260.2
15,261.1
17,261.2
8,261.7
14,262.2
6,263.3
31,264.0
19,264.4
2,264.7
1,265.0
12,265.6
22,267.4
3,269.5
13,270.8
10,274.5
30,276.4
15,276.6
6,277.3
17,278.5
31,280.6
2,282.3
11,286.9
14,289.1
22,289.9
17,311.3
24,312.8
22,317.3
31,317.3
14,317.4
15,317.4
6,317.7
17,324.8
31,332.6
15,334.0
22,336.2
14,339.6
6,375.3
22,633.1
31,633.7
6,633.7
17,634.0
15,634.1
30,634.2
2,634.2
14,634.2
13,634.6
1,634.8
11,634.9
12,634.9
23,634.9
19,635.0
10,635.1
29,635.1
27,635.9
5,636.1
22,636.3
3,636.6
24,637.0
21,637.3
18,637.4
6,637.5
7,637.5
8,637.7
31,637.9
2,638.3
4,638.7
26,639.7
17,639.8
15,640.0
14,640.2
22,640.3
13,640.9
30,641.1
19,641.4
1,641.6
10,641.7
11,641.7
6,641.9
12,641.9
31,642.4
2,643.2
23,643.5
22,645.4
27,645.6
24,645.8
29,646.1
15,646.8
17,646.8
8,647.4
14,648.0
6,649.1
31,649.6
2,650.4
19,650.5
1,650.8
12,651.3
22,654.5
3,656.3
13,658.7
6,665.6
15,666.2
10,667.7
2,668.7
31,669.4
22,712.9
31,713.5
6,713.5
17,713.8
2,713.9
15,713.9
30,714.0
14,714.0
13,714.4
1,714.5
23,714.6
12,714.6
11,714.6
19,714.7
10,714.8
29,714.9
27,715.6
5,715.8
22,716.1
3,716.2
24,716.7
21,717.0
18,717.0
7,717.1
8,717.2
6,717.2
31,717.5
2,718.0
4,718.3
26,719.2
17,719.4
15,719.6
14,719.8
22,719.8
13,720.5
30,720.5
19,720.8
1,721.0
10,721.2
12,721.2
11,721.4
6,721.5
31,721.9
2,722.7
23,723.1
22,724.9
27,725.0
29,725.2
24,725.5
17,726.1
15,726.3
8,726.7
14,727.2
6,728.2
31,728.8
19,729.6
1,730.0
2,730.0
12,730.5
17,733.3
22,733.5
3,734.8
13,735.9
10,739.8
30,742.2
6,744.7
15,747.4
31,748.4
2,750.6
22,792.8
6,793.4
31,793.5
17,793.8
2,793.9
14,793.9
15,793.9
30,793.9
13,794.3
23,794.5
1,794.5
11,794.6
12,794.6
19,794.7
10,794.7
29,794.8
27,795.6
5,795.7
22,795.9
3,796.2
24,796.8
21,796.9
18,797.0
7,797.0
6,797.1
8,797.2
31,797.4
2,797.9
4,798.3
26,799.2
15,799.5
22,799.8
17,799.8
14,799.9
13,800.4
30,800.6
19,800.7
1,800.8
12,801.0
10,801.2
11,801.2
6,801.5
31,801.9
2,802.4
23,802.9
22,804.8
27,804.9
29,805.0
24,805.3
17,805.5
15,806.1
8,807.0
14,807.4
6,808.1
31,808.8
19,809.6
2,809.7
1,809.9
12,810.4
17,812.4
22,813.1
3,814.6
13,815.7
10,819.6
30,821.5
6,822.6
15,823.7
11,825.8
31,827.0
2,828.0
17,838.8
22,842.8
17,855.3
24,856.8
15,859.6
31,859.6
14,859.7
22,859.8
6,859.9
17,868.9
22,872.7
31,872.9
15,873.3
6,873.3
14,873.6
2,873.9
30,873.9
13,874.3
23,874.5
17,874.5
11,874.5
1,874.5
12,874.6
10,874.7
19,874.7
29,874.8
27,875.5
5,875.7
22,875.7
3,876.1
24,876.1
31,876.5
6,876.8
21,876.9
18,876.9
7,877.0
8,877.3
2,877.9
4,878.2
15,878.6
26,879.0
14,879.3
22,879.8
30,880.3
17,880.3
13,880.4
19,880.9
10,881.0
11,881.1
1,881.2
31,881.7
12,881.9
6,882.1
23,882.9
2,883.4
24,884.6
27,884.8
29,884.9
17,885.5
22,885.8
8,887.3
19,888.4
15,888.7
1,889.0
12,889.9
2,890.1
31,891.0
6,891.4
14,891.9
30,891.9
5,892.2
22,892.3
17,893.1
3,893.4
23,893.7
7,894.0
13,895.7
29,896.4
10,897.8
31,899.2
22,900.6
30,901.2
11,902.9
5,905.6
2,905.7
23,913.3
22,928.3
17,933.5
24,935.1
2,942.0
12,942.3
8,943.4
1,943.5
19,944.4
17,946.4
2,960.5
22,1258.1
6,1258.7
31,1258.7
17,1258.9
2,1259.1
15,1259.1
14,1259.2
30,1259.2
13,1259.6
1,1259.7
12,1259.8
11,1259.8
23,1259.8
19,1259.9
10,1260.0
29,1260.1
27,1260.8
5,1261.0
22,1261.3
3,1261.5
24,1261.9
21,1262.3
7,1262.3
18,1262.3
6,1262.5
8,1262.5
31,1262.8
2,1263.2
4,1263.6
17,1264.3
26,1264.6
15,1264.9
14,1265.1
22,1265.2
13,1265.9
30,1265.9
1,1265.9
19,1265.9
12,1266.1
10,1266.6
11,1266.8
6,1266.9
31,1267.3
2,1267.8
23,1268.6
27,1270.5
22,1270.5
29,1270.9
24,1271.3
17,1271.4
15,1271.8
14,1272.8
8,1273.0
6,1274.2
31,1274.6
2,1275.4
19,1275.5
12,1275.7
1,1275.8
22,1278.3
17,1278.7
30,1279.1
5,1279.4
23,1280.7
7,1280.9
31,1281.1
3,1281.2
29,1282.5
13,1283.7
22,1285.9
30,1289.1
15,1291.4
10,1291.5
6,1291.8
31,1292.9
5,1294.3
2,1298.6
23,1308.0
22,1310.4
22,1337.8
6,1338.4
31,1338.4
17,1338.7
15,1338.9
14,1338.9
30,1338.9
2,1338.9
13,1339.3
1,1339.5
23,1339.5
11,1339.6
12,1339.6
19,1339.7
10,1339.8
29,1339.8
27,1340.6
5,1340.7
22,1340.9
3,1341.2
24,1341.6
21,1341.9
7,1341.9
18,1342.0
8,1342.1
6,1342.1
31,1342.5
2,1342.9
4,1343.3
26,1344.0
17,1344.0
15,1344.4
14,1344.6
22,1344.7
30,1345.3
19,1345.3
13,1345.4
1,1345.5
12,1345.7
10,1346.2
11,1346.3
6,1346.4
31,1346.9
2,1347.4
23,1347.9
17,1349.8
22,1349.8
29,1349.9
27,1350.0
24,1350.9
15,1351.0
14,1352.2
8,1352.4
31,1352.5
5,1352.9
30,1353.1
6,1353.1
19,1354.2
22,1354.5
7,1354.6
2,1355.0
1,1355.1
12,1355.2
23,1355.8
17,1357.3
31,1359.5
3,1359.9
13,1360.8
29,1361.6
22,1362.5
30,1363.0
10,1364.9
5,1366.1
6,1369.9
15,1371.2
11,1373.3
31,1379.4
2,1380.3
22,1386.7
22,1417.8
6,1418.3
31,1418.4
17,1418.7
15,1418.8
2,1418.8
30,1418.9
14,1418.9
13,1419.3
1,1419.4
23,1419.5
11,1419.5
12,1419.5
10,1419.6
19,1419.6
29,1419.8
27,1420.5
5,1420.7
22,1420.9
3,1421.1
24,1421.7
21,1421.9
18,1421.9
7,1422.0
6,1422.1
8,1422.1
31,1422.3
2,1422.8
4,1423.2
26,1424.0
15,1424.3
17,1424.4
14,1424.4
22,1424.6
1,1425.3
30,1425.3
19,1425.3
13,1425.4
12,1425.5
10,1426.1
11,1426.3
6,1426.4
31,1426.8
2,1427.3
23,1427.9
22,1429.3
29,1429.7
27,1429.8
17,1429.8
24,1430.5
15,1431.1
5,1431.4
31,1431.7
30,1431.9
14,1432.0
8,1432.8
7,1433.2
6,1433.4
19,1434.4
22,1434.4
1,1434.9
12,1435.0
2,1435.0
23,1436.0
17,1437.3
3,1438.5
31,1439.1
13,1440.7
30,1442.2
22,1443.3
29,1444.1
10,1444.5
5,1444.9
6,1450.6
15,1451.9
11,1456.9
2,1457.0
31,1460.0
17,1479.9
22,1481.1
24,1481.6
31,1486.1
15,1486.3
14,1486.3
6,1486.6
22,1489.9
17,1493.3
31,1498.0
22,1498.0
6,1498.3
15,1498.5
14,1498.7
2,1498.8
30,1498.9
13,1499.2
17,1499.3
1,1499.5
23,1499.5
11,1499.5
12,1499.6
10,1499.6
19,1499.6
29,1499.7
27,1500.5
5,1500.7
22,1501.0
24,1501.1
3,1501.1
21,1501.8
18,1501.8
31,1501.8
7,1501.9
6,1502.0
8,1502.2
2,1502.9
4,1503.2
15,1503.7
26,1504.0
14,1504.5
22,1505.0
17,1505.2
30,1505.3
19,1505.4
13,1505.5
1,1505.5
12,1505.6
10,1506.1
11,1506.3
31,1507.2
6,1507.2
2,1507.6
23,1507.9
24,1509.5
29,1509.5
27,1509.8
22,1509.8
17,1510.0
5,1510.8
30,1511.5
8,1512.2
31,1512.5
7,1512.6
15,1513.5
19,1514.4
1,1514.8
2,1515.1
12,1515.1
22,1516.0
23,1516.3
6,1516.6
14,1517.0
17,1517.7
3,1518.5
13,1520.8
30,1522.1
31,1522.4
10,1524.2
5,1524.5
29,1525.1
22,1528.1
11,1535.5
2,1539.9
17,1558.7
24,1560.3
2,1568.8
12,1569.1
8,1570.2
1,1570.2
19,1571.2
17,1571.6
2,1588.4
22,1883.0
31,1883.6
6,1883.6
17,1883.9
15,1884.0
2,1884.0
14,1884.1
30,1884.1
13,1884.5
11,1884.7
1,1884.7
12,1884.8
23,1884.8
10,1884.9
19,1884.9
29,1885.0
27,1885.7
5,1886.0
22,1886.2
3,1886.4
24,1886.9
18,1887.2
21,1887.2
7,1887.4
6,1887.4
31,1887.6
8,1887.6
2,1888.3
4,1888.5
17,1889.3
15,1889.5
26,1889.5
14,1889.6
22,1890.0
13,1890.8
19,1890.8
1,1890.8
12,1890.9
30,1891.0
10,1891.5
11,1891.7
6,1891.9
31,1892.3
2,1893.0
23,1893.5
17,1894.3
22,1895.2
27,1895.4
29,1895.9
24,1896.4
15,1896.6
14,1897.7
31,1897.8
5,1898.0
8,1898.2
30,1898.3
6,1899.3
7,1899.7
19,1900.2
22,1900.3
1,1900.5
12,1900.7
2,1901.1
23,1901.3
17,1902.7
31,1905.6
3,1906.3
29,1908.4
13,1908.5
30,1908.8
22,1909.3
5,1912.0
10,1914.1
6,1917.6
15,1918.6
2,1922.2
31,1925.8
22,1962.8
6,1963.3
31,1963.4
17,1963.6
2,1963.8
15,1963.8
30,1963.9
14,1963.9
13,1964.3
1,1964.4
11,1964.5
23,1964.5
12,1964.6
19,1964.6
10,1964.7
29,1964.8
27,1965.5
5,1965.7
22,1966.0
3,1966.1
24,1966.6
18,1966.9
21,1966.9
7,1967.0
6,1967.1
8,1967.1
31,1967.3
2,1967.8
4,1968.2
26,1968.9
17,1968.9
15,1969.0
14,1969.3
22,1969.6
19,1970.3
30,1970.4
13,1970.4
1,1970.4
12,1970.5
10,1971.1
11,1971.3
6,1971.5
31,1971.9
2,1972.3
23,1972.9
17,1973.8
22,1974.0
29,1974.4
27,1974.9
5,1975.6
15,1975.8
24,1975.8
30,1976.4
31,1976.7
14,1977.0
7,1977.5
8,1977.7
6,1978.6
22,1979.1
19,1979.4
1,1979.8
2,1979.9
12,1980.2
23,1981.5
17,1982.0
31,1984.7
3,1984.8
13,1985.9
30,1987.1
22,1988.3
5,1989.3
10,1989.8
29,1990.2
6,1997.6
15,1998.5
2,2002.0
22,2042.7
31,2043.3
6,2043.3
15,2043.7
17,2043.7
2,2043.8
30,2043.8
14,2043.8
13,2044.2
23,2044.4
1,2044.4
11,2044.4
12,2044.5
10,2044.6
19,2044.6
29,2044.7
27,2045.4
5,2045.6
22,2045.8
3,2046.0
24,2046.7
21,2046.8
18,2046.9
7,2046.9
6,2047.0
8,2047.1
31,2047.2
2,2047.8
4,2048.1
26,2048.9
17,2049.0
15,2049.2
14,2049.3
22,2049.5
1,2050.2
30,2050.2
13,2050.3
19,2050.3
12,2050.4
10,2051.1
11,2051.2
6,2051.3
31,2051.7
2,2052.4
23,2052.8
17,2053.7
22,2053.9
29,2054.2
27,2054.9
5,2055.4
24,2055.8
15,2056.0
30,2056.3
31,2056.4
14,2057.0
7,2057.3
8,2058.0
6,2058.3
22,2059.0
19,2059.2
1,2059.8
12,2059.9
2,2060.0
23,2061.5
17,2062.0
31,2064.1
3,2064.5
13,2065.6
30,2066.8
22,2068.1
10,2069.5
5,2069.6
29,2070.6
6,2075.9
15,2076.3
2,2080.5
11,2082.0
31,2087.6
17,2105.4
24,2106.9
22,2111.8
31,2112.5
15,2112.7
14,2112.7
6,2113.0
17,2118.7
22,2122.6
31,2123.1
6,2123.3
15,2123.6
14,2123.7
2,2123.7
30,2123.8
13,2124.2
17,2124.4
11,2124.4
1,2124.4
23,2124.4
12,2124.5
10,2124.5
19,2124.6
29,2124.6
27,2125.4
5,2125.6
22,2125.6
24,2126.0
3,2126.0
21,2126.8
18,2126.8
7,2126.8
31,2126.9
6,2127.0
8,2127.2
2,2127.8
4,2128.1
15,2128.8
26,2128.9
14,2129.6
22,2129.6
17,2129.8
30,2130.2
1,2130.3
19,2130.3
13,2130.3
12,2130.6
10,2131.0
11,2131.2
2,2132.3
6,2132.4
31,2132.5
23,2132.6
29,2134.0
22,2134.1
24,2134.5
27,2134.7
17,2134.8
5,2135.0
30,2136.1
7,2136.9
8,2137.7
31,2138.3
19,2139.0
15,2139.0
2,2139.6
1,2139.7
22,2140.2
12,2140.3
23,2141.8
6,2142.3
14,2142.6
3,2143.3
17,2144.2
13,2144.9
30,2147.3
5,2148.9
10,2149.2
31,2149.9
29,2151.1
22,2151.9
11,2160.5
2,2160.8
17,2183.7
24,2185.3
2,2196.4
12,2196.7
17,2197.1
8,2197.8
1,2197.9
19,2198.9
2,2216.0
22,2508.0
6,2508.5
31,2508.6
17,2508.8
15,2509.0
2,2509.0
30,2509.1
14,2509.1
13,2509.4
1,2509.6
23,2509.7
11,2509.7
19,2509.8
12,2509.8
10,2509.9
29,2510.0
27,2510.7
5,2510.9
22,2511.1
3,2511.4
24,2511.8
18,2512.2
21,2512.2
7,2512.3
6,2512.4
8,2512.5
31,2512.7
2,2513.2
4,2513.5
17,2514.4
15,2514.5
26,2514.5
14,2514.7
22,2514.8
1,2515.6
19,2515.6
12,2515.7
30,2515.8
13,2515.9
10,2516.5
11,2516.7
6,2517.1
31,2517.2
2,2518.2
23,2518.2
22,2518.9
17,2519.4
29,2519.5
5,2520.2
27,2520.4
24,2521.1
30,2521.7
15,2521.8
31,2522.2
7,2522.3
14,2522.6
8,2523.9
22,2524.2
6,2524.7
19,2525.1
1,2525.5
12,2525.8
2,2526.5
17,2527.7
23,2528.0
31,2531.0
3,2531.2
22,2533.8
13,2534.0
30,2534.2
29,2534.9
5,2535.3
10,2539.4
15,2544.2
6,2544.3
2,2546.5
22,2587.8
6,2588.3
31,2588.3
17,2588.6
30,2588.8
15,2588.8
2,2588.8
14,2588.9
13,2589.2
1,2589.4
11,2589.5
12,2589.5
23,2589.5
19,2589.6
29,2589.7
10,2589.7
27,2590.5
5,2590.6
22,2590.8
3,2591.1
24,2591.5
21,2591.9
7,2591.9
18,2591.9
8,2592.0
6,2592.1
31,2592.4
2,2592.7
4,2593.2
17,2593.9
26,2594.0
15,2594.1
14,2594.3
22,2594.5
19,2595.2
1,2595.2
12,2595.3
30,2595.4
13,2595.5
10,2596.1
11,2596.3
6,2596.7
31,2596.7
23,2597.2
2,2597.5
22,2598.2
29,2598.5
17,2598.8
5,2599.1
27,2599.9
24,2600.4
15,2601.1
7,2601.3
30,2601.5
31,2601.6
14,2602.1
8,2603.3
22,2603.6
6,2603.9
19,2604.2
1,2604.8
2,2605.3
12,2605.3
17,2606.8
23,2606.8
3,2609.7
31,2610.4
13,2611.0
22,2613.3
5,2614.4
10,2614.8
30,2615.9
29,2617.5
6,2624.0
15,2633.6
2,2637.2
22,2667.7
6,2668.3
31,2668.3
17,2668.6
2,2668.7
15,2668.7
14,2668.8
30,2668.8
13,2669.2
1,2669.3
11,2669.4
12,2669.4
23,2669.4
19,2669.5
10,2669.5
29,2669.7
27,2670.4
5,2670.6
22,2670.8
3,2671.0
24,2671.6
18,2671.8
21,2671.8
7,2671.9
6,2672.0
8,2672.0
31,2672.2
2,2672.6
4,2673.1
26,2673.9
17,2673.9
15,2674.0
14,2674.2
22,2674.5
1,2675.1
19,2675.1
12,2675.2
30,2675.2
13,2675.3
10,2676.0
11,2676.2
6,2676.4
31,2676.6
23,2677.2
2,2677.4
22,2678.2
29,2678.4
17,2678.7
5,2679.0
27,2679.7
15,2680.9
24,2681.1
30,2681.2
7,2681.3
31,2681.7
14,2681.9
6,2683.5
22,2683.6
8,2683.6
19,2684.1
1,2684.6
12,2684.9
2,2685.2
23,2687.0
17,2687.1
3,2689.6
13,2690.6
31,2690.8
22,2693.3
5,2694.3
10,2694.4
30,2694.9
29,2696.5
6,2701.1
15,2702.5
11,2707.3
2,2709.0
17,2731.0
24,2732.6
22,2743.9
31,2744.0
14,2744.1
15,2744.1
17,2744.3
6,2744.5
22,2748.2
2,2748.7
30,2748.8
31,2748.9
6,2749.0
13,2749.1
23,2749.4
11,2749.4
1,2749.4
19,2749.5
12,2749.5
10,2749.5
17,2749.6
29,2749.7
15,2750.0
14,2750.2
27,2750.4
5,2750.6
24,2751.0
3,2751.0
22,2751.2
7,2751.8
18,2751.8
21,2751.8
8,2752.1
6,2752.6
31,2752.7
2,2752.8
4,2753.1
26,2753.9
22,2755.1
17,2755.2
30,2755.2
1,2755.2
19,2755.2
12,2755.3
13,2755.4
15,2755.5
10,2756.0
11,2756.2
14,2756.4
23,2757.0
31,2757.5
2,2757.6
6,2758.1
29,2758.2
5,2758.8
22,2759.4
24,2759.4
27,2759.7
17,2760.3
7,2761.1
30,2761.4
8,2763.1
31,2763.6
19,2764.1
1,2764.6
12,2765.0
2,2765.4
22,2765.9
15,2766.4
23,2767.1
6,2768.0
3,2768.4
17,2769.4
13,2770.6
14,2771.2
5,2773.8
10,2774.2
30,2775.9
31,2776.9
29,2777.3
22,2779.6
11,2785.7
2,2797.8
17,2809.2
24,2810.8
17,2822.6
22,3133.0
6,3133.5
31,3133.6
17,3133.8
2,3134.0
14,3134.1
15,3134.1
30,3134.1
13,3134.5
1,3134.7
11,3134.7
10,3134.8
19,3134.8
23,3134.8
12,3134.8
29,3135.1
27,3135.7
22,3136.1
5,3136.2
3,3136.5
24,3137.2
6,3137.4
21,3137.5
18,3137.5
31,3137.7
7,3137.8
8,3138.0
2,3138.1
17,3139.1
4,3139.1
15,3139.5
14,3139.8
22,3139.8
26,3140.5
19,3140.6
1,3140.6
12,3140.7
30,3141.0
13,3141.0
10,3141.8
11,3142.0
6,3142.1
31,3142.1
2,3142.9
23,3143.0
22,3143.6
17,3144.3
29,3144.5
5,3144.9
27,3146.7
15,3147.1
30,3147.2
31,3147.4
7,3147.8
14,3148.5
22,3149.2
24,3149.2
6,3150.3
19,3151.3
2,3151.7
12,3152.0
1,3152.0
23,3154.4
17,3154.7
8,3155.0
31,3157.5
22,3160.2
30,3177.7
22,3212.8
31,3213.3
6,3213.3
17,3213.7
15,3213.8
2,3213.8
30,3213.9
14,3213.9
13,3214.3
1,3214.5
11,3214.5
19,3214.6
23,3214.6
12,3214.6
10,3214.7
29,3214.8
27,3215.5
22,3215.8
5,3215.9
3,3216.3
18,3217.0
24,3217.0
6,3217.1
21,3217.2
31,3217.4
7,3217.4
8,3217.5
2,3217.8
4,3218.7
17,3218.8
15,3219.2
14,3219.3
22,3219.5
26,3219.9
1,3220.2
19,3220.2
12,3220.3
13,3220.6
30,3220.7
10,3221.3
11,3221.6
31,3221.6
6,3221.7
23,3222.2
2,3222.5
22,3223.2
29,3223.6
17,3223.9
5,3224.1
27,3225.9
15,3226.4
31,3226.7
7,3227.1
30,3227.3
14,3227.5
22,3228.6
24,3228.6
6,3229.5
19,3230.2
2,3230.9
1,3230.9
12,3231.0
8,3231.2
23,3233.2
17,3233.9
31,3236.3
22,3239.4
22,3292.7
6,3293.3
31,3293.3
17,3293.7
2,3293.8
30,3293.8
15,3293.8
14,3293.9
13,3294.2
1,3294.4
11,3294.5
23,3294.5
19,3294.6
10,3294.6
12,3294.6
29,3294.8
27,3295.5
5,3295.8
22,3295.8
3,3296.2
18,3297.0
6,3297.0
24,3297.1
21,3297.2
7,3297.3
31,3297.4
8,3297.5
2,3297.8
4,3298.7
17,3298.9
15,3299.1
14,3299.2
22,3299.5
26,3299.8
19,3300.2
1,3300.2
12,3300.3
30,3300.6
13,3300.6
10,3301.3
6,3301.4
11,3301.6
31,3301.7
23,3302.3
2,3302.5
22,3303.2
29,3303.6
17,3304.0
5,3304.1
27,3305.9
15,3306.3
7,3306.9
31,3306.9
30,3307.0
14,3307.4
24,3308.3
22,3308.8
6,3308.9
19,3310.3
1,3310.6
12,3310.7
2,3310.9
8,3311.6
23,3313.4
17,3313.9
31,3316.7
22,3319.8
17,3356.8
24,3358.6
17,3372.7
22,3372.8
6,3373.3
31,3373.3
2,3373.8
30,3373.9
15,3373.9
14,3373.9
13,3374.2
1,3374.4
11,3374.5
12,3374.5
19,3374.6
10,3374.6
23,3374.6
29,3374.8
27,3375.5
22,3375.8
5,3375.9
3,3376.1
24,3376.6
18,3377.0
6,3377.1
21,3377.2
31,3377.4
7,3377.4
8,3377.5
2,3377.8
17,3378.2
4,3378.6
15,3379.5
22,3379.7
26,3379.8
14,3379.9
1,3380.2
19,3380.3
13,3380.4
12,3380.4
30,3380.5
10,3381.3
11,3381.4
31,3381.5
6,3381.6
23,3382.2
2,3382.4
17,3382.7
22,3383.4
29,3383.6
5,3384.0
24,3385.3
27,3385.6
31,3386.3
15,3386.5
30,3386.9
7,3387.1
14,3387.7
6,3388.6
22,3388.8
17,3390.1
19,3390.3
1,3390.6
2,3390.6
12,3390.7
8,3390.8
23,3393.2
31,3395.1
22,3399.4
13,3402.0
6,3411.9
17,3434.6
24,3436.4
31,3439.2
14,3439.3
15,3439.3
22,3439.3
6,3439.8
17,3453.1
31,3460.6
22,3758.0
31,3758.2
6,3758.5
13,3758.7
2,3759.0
14,3759.1
15,3759.1
30,3759.1
29,3759.2
5,3759.2
11,3759.7
7,3759.7
1,3759.7
21,3759.7
12,3759.8
23,3759.8
10,3759.9
19,3759.9
27,3760.8
22,3761.1
31,3761.4
3,3761.5
17,3761.8
6,3762.4
18,3762.5
13,3763.0
8,3763.1
2,3763.1
4,3764.1
15,3764.5
22,3764.8
14,3764.8
31,3765.1
5,3765.2
1,3765.6
26,3765.6
19,3765.6
29,3765.6
12,3765.8
30,3766.2
10,3766.8
11,3767.0
6,3767.1
7,3767.5
2,3767.9
21,3767.9
23,3768.1
22,3768.6
31,3769.0
13,3769.7
17,3770.4
5,3771.0
27,3771.6
15,3772.1
30,3772.6
14,3773.5
29,3774.1
22,3774.2
31,3774.6
6,3775.3
19,3776.3
2,3776.9
1,3776.9
12,3777.5
7,3778.5
8,3779.7
23,3780.2
31,3785.0
5,3785.2
22,3785.2
22,3837.8
31,3837.9
6,3838.3
13,3838.5
2,3838.8
14,3838.8
15,3838.8
30,3838.9
5,3838.9
29,3838.9
7,3839.4
1,3839.4
21,3839.5
23,3839.5
11,3839.5
19,3839.6
12,3839.6
10,3839.7
27,3840.5
22,3840.8
31,3841.1
3,3841.2
17,3841.5
6,3842.0
18,3842.0
8,3842.5
13,3842.5
2,3842.8
4,3843.7
15,3844.1
14,3844.2
22,3844.5
31,3844.6
5,3844.6
26,3844.9
29,3845.0
1,3845.2
19,3845.2
12,3845.3
30,3845.7
10,3846.3
6,3846.4
11,3846.6
7,3846.7
23,3847.2
21,3847.2
2,3847.5
22,3848.2
31,3848.5
13,3848.8
17,3850.0
27,3850.4
5,3850.5
15,3851.2
14,3851.8
30,3852.3
29,3852.9
6,3853.6
22,3853.6
31,3854.0
19,3855.1
1,3855.7
2,3856.0
8,3856.1
12,3856.2
7,3856.8
23,3858.0
31,3864.3
22,3864.4
5,3865.1
13,3866.6
6,3872.9
14,3876.5
22,3917.7
31,3917.9
6,3918.3
13,3918.4
29,3918.8
14,3918.8
2,3918.8
5,3918.8
30,3918.8
15,3918.8
7,3919.3
1,3919.4
21,3919.4
11,3919.5
23,3919.5
10,3919.6
12,3919.6
19,3919.6
27,3920.5
22,3920.8
31,3920.9
3,3921.2
17,3921.5
6,3921.9
18,3922.0
8,3922.5
13,3922.5
2,3922.8
4,3923.7
15,3924.1
14,3924.2
5,3924.5
31,3924.5
22,3924.5
26,3924.8
29,3924.8
19,3925.1
1,3925.2
12,3925.3
30,3925.6
10,3926.3
6,3926.4
7,3926.5
11,3926.6
21,3927.0
23,3927.1
2,3927.5
31,3928.2
22,3928.2
13,3929.0
17,3930.0
5,3930.4
27,3930.4
15,3931.3
14,3931.9
30,3932.0
29,3932.7
31,3933.7
22,3933.8
6,3933.9
19,3934.6
1,3935.4
2,3936.0
7,3936.1
12,3936.3
8,3936.6
23,3937.9
31,3943.6
5,3943.9
22,3944.8
13,3947.6
6,3962.2
22,3997.8
31,3997.9
6,3998.3
13,3998.4
2,3998.8
5,3998.8
29,3998.8
30,3998.9
14,3998.9
15,3998.9
7,3999.3
1,3999.3
21,3999.4
12,3999.5
11,3999.5
23,3999.6
19,3999.6
10,3999.6
27,4000.4
22,4000.8
31,4000.9
3,4001.1
17,4001.5
18,4002.0
6,4002.0
8,4002.5
13,4002.5
2,4002.8
4,4003.6
15,4004.5
14,4004.7
22,4004.7
5,4004.7
31,4004.8
26,4004.8
29,4005.0
1,4005.2
19,4005.3
12,4005.5
30,4005.5
10,4006.3
6,4006.3
11,4006.4
7,4006.6
21,4007.0
23,4007.2
2,4007.4
22,4008.4
31,4008.6
13,4009.0
17,4010.0
5,4010.5
27,4010.5
15,4011.5
30,4011.9
14,4012.1
29,4013.2
6,4013.3
22,4013.8
31,4014.0
19,4015.2
1,4015.5
2,4015.6
8,4015.8
12,4016.1
7,4016.5
23,4018.1
31,4023.6
22,4024.4
5,4024.4
13,4027.5
6,4031.6
31,4063.9
14,4064.1
15,4064.2
22,4064.3
6,4064.7
31,4078.8
22,4383.0
31,4383.1
13,4383.3
6,4383.8
11,4383.9
15,4384.1
29,4384.1
5,4384.1
30,4384.1
14,4384.1
2,4384.6
1,4384.7
7,4384.7
21,4384.7
23,4384.8
12,4384.8
18,4384.9
19,4386.1
22,4386.1
31,4386.4
3,4386.5
13,4386.7
17,4386.9
10,4386.9
9,4387.1
8,4388.1
6,4388.4
11,4388.6
4,4389.1
15,4389.5
22,4389.8
14,4389.8
27,4389.9
5,4390.0
31,4390.1
2,4390.2
26,4390.6
1,4390.6
29,4390.7
12,4390.8
28,4390.9
30,4391.2
13,4391.3
7,4392.4
18,4392.5
21,4392.7
23,4393.0
22,4393.6
31,4394.0
19,4394.3
6,4394.6
11,4395.4
17,4395.4
5,4396.0
13,4396.6
15,4397.1
30,4397.6
9,4397.7
14,4398.4
2,4398.8
29,4399.1
22,4399.2
31,4399.8
18,4400.2
1,4401.3
12,4402.4
7,4403.2
8,4403.6
23,4404.4
13,4404.7
11,4404.8
28,4405.1
6,4406.2
5,4409.8
22,4410.2
31,4410.9
22,4462.8
31,4462.9
13,4463.1
6,4463.5
11,4463.6
14,4463.8
15,4463.8
29,4463.9
5,4463.9
30,4463.9
7,4464.4
2,4464.4
1,4464.4
18,4464.5
23,4464.5
21,4464.5
12,4464.6
22,4465.8
19,4465.9
31,4466.1
3,4466.2
13,4466.2
9,4466.6
17,4466.6
10,4466.7
8,4467.5
6,4467.9
11,4468.3
4,4468.7
15,4469.0
14,4469.2
27,4469.2
22,4469.5
31,4469.6
5,4469.6
2,4469.7
26,4469.9
29,4470.0
28,4470.1
1,4470.2
12,4470.3
30,4470.5
13,4470.7
18,4471.5
7,4471.7
23,4472.2
21,4472.2
22,4473.2
31,4473.5
19,4473.7
11,4473.7
6,4473.7
17,4475.0
9,4475.4
13,4475.5
5,4475.5
15,4476.2
14,4476.8
30,4476.9
2,4477.5
29,4477.9
22,4478.6
31,4479.0
18,4479.9
1,4480.7
8,4481.0
12,4481.1
7,4481.8
11,4482.9
23,4483.0
13,4483.9
6,4484.5
31,4489.0
22,4489.4
5,4490.1
3,4493.0
14,4498.4
22,4542.7
31,4542.9
13,4543.0
6,4543.5
11,4543.6
14,4543.8
15,4543.8
29,4543.8
30,4543.8
5,4543.8
7,4544.3
1,4544.4
21,4544.4
2,4544.4
18,4544.5
23,4544.5
12,4544.6
22,4545.8
19,4545.8
31,4545.9
3,4546.1
13,4546.2
17,4546.6
10,4546.6
9,4546.6
8,4547.4
6,4547.9
11,4548.3
4,4548.7
15,4549.1
27,4549.1
14,4549.1
5,4549.5
31,4549.5
22,4549.5
2,4549.7
26,4549.8
29,4550.1
28,4550.1
1,4550.2
12,4550.3
30,4550.5
13,4550.7
7,4551.5
18,4551.5
21,4552.0
23,4552.1
31,4553.2
22,4553.2
6,4553.6
11,4553.7
19,4553.7
17,4555.0
9,4555.3
5,4555.4
13,4555.5
15,4556.2
14,4556.7
30,4557.0
2,4557.6
29,4558.1
31,4558.7
22,4558.8
18,4559.9
1,4560.4
12,4560.8
7,4561.1
8,4561.3
23,4562.9
11,4563.0
13,4564.1
6,4564.2
31,4568.4
5,4568.9
22,4569.8
3,4571.2
22,4622.8
31,4622.9
13,4623.1
6,4623.5
11,4623.6
29,4623.8
5,4623.8
15,4623.9
30,4623.9
14,4623.9
1,4624.3
7,4624.3
21,4624.4
2,4624.4
23,4624.5
12,4624.5
18,4624.6
22,4625.8
19,4625.8
31,4625.9
3,4626.1
13,4626.2
10,4626.6
17,4626.6
9,4626.7
8,4627.5
6,4628.0
11,4628.1
4,4628.6
27,4629.1
15,4629.5
26,4629.7
22,4629.7
5,4629.7
14,4629.7
2,4629.8
31,4629.8
29,4630.0
28,4630.2
1,4630.2
12,4630.4
30,4630.5
13,4630.7
18,4631.6
7,4631.6
21,4632.0
23,4632.2
22,4633.4
6,4633.6
31,4633.6
19,4633.7
11,4633.9
17,4635.0
13,4635.4
5,4635.5
9,4635.8
15,4636.2
30,4636.9
14,4637.1
2,4637.8
29,4638.2
22,4638.8
31,4639.0
18,4639.7
8,4640.1
1,4640.5
12,4640.8
7,4641.5
11,4642.8
23,4643.0
13,4643.2
6,4643.6
28,4647.8
31,4648.4
22,4649.4
5,4649.5
3,4659.3
15,4659.3
31,4688.9
14,4689.1
15,4689.2
22,4689.3
6,4689.9
13,4695.2
11,4695.7
18,4695.8
9,4695.9
28,4699.4
31,4703.8
13,4722.7
22,5008.0
13,5008.3
31,5008.5
6,5008.8
30,5009.1
15,5009.1
14,5009.1
29,5009.1
5,5009.1
17,5009.4
11,5009.6
2,5009.6
21,5009.7
7,5009.7
18,5009.8
23,5009.8
22,5011.1
19,5011.2
13,5011.5
10,5011.9
9,5011.9
12,5012.1
31,5012.7
8,5013.1
6,5013.4
1,5013.8
15,5014.5
14,5014.8
22,5014.8
5,5015.0
2,5015.2
29,5015.7
28,5015.7
3,5015.8
13,5016.0
17,5016.0
30,5016.2
18,5017.2
31,5017.4
7,5017.4
21,5017.7
11,5017.9
23,5018.0
22,5018.6
19,5019.3
6,5019.6
13,5020.8
5,5021.0
9,5021.4
15,5022.1
12,5022.2
30,5022.5
31,5022.8
14,5023.4
2,5023.8
29,5024.1
22,5024.2
17,5025.0
18,5025.8
7,5028.1
11,5028.6
13,5029.0
23,5029.4
8,5029.7
6,5032.0
31,5032.4
28,5034.5
5,5034.8
22,5035.2
22,5087.8
13,5088.1
31,5088.2
6,5088.5
15,5088.8
14,5088.8
29,5088.9
5,5088.9
30,5088.9
17,5089.1
7,5089.4
11,5089.4
2,5089.4
21,5089.5
23,5089.6
18,5089.6
22,5090.8
19,5090.9
13,5091.2
9,5091.6
10,5091.7
12,5091.8
31,5092.4
8,5092.7
6,5092.9
1,5093.2
14,5094.2
15,5094.2
22,5094.5
3,5094.6
5,5094.6
2,5094.7
29,5095.0
28,5095.1
17,5095.5
30,5095.7
13,5095.7
18,5096.6
7,5096.7
31,5096.8
11,5097.1
23,5097.2
21,5097.3
22,5098.2
19,5098.7
6,5098.7
9,5100.4
13,5100.5
5,5100.5
15,5101.4
14,5101.8
12,5101.9
31,5102.1
30,5102.3
2,5102.8
29,5102.9
22,5103.6
17,5104.4
18,5105.1
7,5106.8
11,5107.5
23,5108.0
8,5108.2
13,5108.8
6,5110.1
31,5111.8
22,5114.4
5,5115.1
1,5117.1
14,5127.4
22,5167.7
13,5168.0
31,5168.2
6,5168.5
29,5168.8
5,5168.8
15,5168.8
30,5168.8
14,5168.8
17,5169.1
7,5169.3
2,5169.4
21,5169.4
11,5169.4
23,5169.5
18,5169.6
22,5170.8
19,5170.8
13,5171.2
10,5171.6
9,5171.6
12,5171.7
31,5172.3
8,5172.6
6,5172.9
1,5173.2
15,5174.1
14,5174.2
5,5174.5
22,5174.5
3,5174.6
2,5174.7
28,5175.1
29,5175.1
17,5175.4
30,5175.6
13,5175.7
7,5176.5
31,5176.7
18,5176.8
23,5177.1
21,5177.3
11,5177.7
22,5178.2
6,5178.6
19,5178.7
5,5180.4
13,5180.5
15,5181.3
9,5181.4
14,5181.9
30,5182.0
31,5182.0
12,5182.1
2,5182.6
29,5183.1
22,5183.8
17,5184.1
18,5184.6
7,5186.5
11,5187.2
23,5187.9
13,5188.0
8,5188.8
28,5189.6
6,5189.8
31,5191.5
5,5193.9
22,5194.8
22,5247.8
13,5247.9
31,5248.3
6,5248.5
29,5248.8
5,5248.8
30,5248.9
14,5248.9
15,5248.9
17,5249.1
11,5249.2
7,5249.3
21,5249.4
18,5249.4
2,5249.4
23,5249.6
22,5250.8
19,5250.8
13,5251.1
9,5251.2
10,5251.6
12,5251.7
31,5252.4
8,5252.7
6,5253.0
1,5253.3
15,5254.5
5,5254.7
3,5254.7
28,5254.7
14,5254.7
22,5254.7
2,5254.8
29,5255.0
17,5255.3
30,5255.5
13,5255.6
7,5256.6
18,5256.6
31,5256.7
21,5257.1
23,5257.2
11,5257.7
22,5258.4
6,5258.6
19,5258.7
5,5260.5
15,5261.5
12,5261.5
31,5261.8
30,5261.9
14,5262.1
13,5262.7
2,5262.8
29,5263.2
22,5263.8
17,5264.3
7,5266.5
8,5266.7
23,5268.1
6,5269.1
31,5270.8
1,5274.1
22,5274.4
5,5274.5
13,5291.4
14,5314.1
31,5314.2
22,5314.3
15,5314.3
6,5314.9
31,5334.7
22,5633.1
13,5633.3
30,5634.1
5,5634.1
29,5634.1
19,5634.3
17,5634.3
31,5634.3
10,5634.6
2,5634.6
11,5634.6
9,5634.6
6,5634.6
21,5634.7
7,5634.7
18,5634.8
23,5634.8
1,5635.2
15,5636.2
22,5636.2
13,5636.5
14,5636.6
12,5637.1
8,5638.1
19,5639.3
5,5640.0
2,5640.2
22,5640.5
29,5640.7
28,5640.7
3,5640.9
13,5641.0
17,5641.0
31,5641.0
30,5641.2
10,5641.4
6,5641.9
9,5642.3
18,5642.4
7,5642.4
1,5642.6
21,5642.7
23,5643.0
11,5643.1
22,5644.1
19,5644.6
13,5645.8
5,5646.0
12,5647.2
9,5647.6
30,5647.6
31,5647.8
10,5648.3
22,5648.8
2,5648.8
29,5649.1
17,5650.3
18,5651.3
19,5651.9
1,5652.3
7,5653.1
11,5653.9
13,5654.0
23,5654.4
8,5656.1
22,5656.8
9,5659.2
5,5659.8
28,5661.3
30,5668.3
22,5712.9
13,5713.1
30,5713.9
29,5713.9
5,5713.9
19,5714.0
17,5714.1
31,5714.1
9,5714.2
10,5714.3
6,5714.4
7,5714.4
2,5714.4
11,5714.4
21,5714.5
23,5714.6
18,5714.6
1,5714.8
15,5715.9
22,5716.0
13,5716.2
14,5716.3
12,5716.7
8,5717.7
19,5719.0
5,5719.6
3,5719.6
2,5719.7
29,5720.0
22,5720.0
28,5720.1
17,5720.4
30,5720.5
31,5720.5
13,5720.7
10,5720.7
9,5721.2
6,5721.5
1,5721.6
18,5721.6
7,5721.7
11,5722.1
23,5722.2
21,5722.3
22,5723.4
19,5723.5
13,5725.5
5,5725.5
12,5726.5
9,5726.7
30,5726.9
31,5727.6
2,5727.8
29,5728.0
22,5728.2
10,5728.4
17,5729.1
18,5730.1
19,5730.7
1,5731.7
7,5731.8
11,5732.9
23,5733.1
8,5733.2
13,5733.8
22,5736.8
9,5738.8
5,5740.1
30,5746.8
22,5792.8
13,5793.0
29,5793.8
5,5793.8
30,5793.8
31,5794.0
19,5794.0
17,5794.1
9,5794.2
7,5794.3
10,5794.3
2,5794.4
11,5794.4
21,5794.4
6,5794.4
23,5794.5
18,5794.6
1,5794.8
22,5795.8
15,5795.9
14,5796.2
13,5796.2
12,5796.7
8,5797.6
19,5798.8
5,5799.5
2,5799.7
3,5799.7
22,5799.9
28,5800.1
29,5800.1
17,5800.3
31,5800.5
10,5800.5
30,5800.5
13,5800.7
9,5801.2
6,5801.3
1,5801.4
7,5801.5
18,5801.8
23,5802.1
21,5802.3
11,5802.7
19,5803.2
22,5803.3
5,5805.4
13,5805.5
9,5806.4
12,5806.6
30,5807.0
31,5807.3
2,5807.6
10,5808.0
22,5808.1
29,5808.1
17,5809.1
18,5809.6
19,5810.2
1,5811.4
7,5811.5
11,5812.2
13,5813.0
23,5813.0
8,5813.8
28,5814.6
22,5816.3
9,5816.6
5,5818.9
30,5827.8
13,5838.5
19,5861.3
22,5861.7
10,5861.9
9,5862.5
1,5864.4
22,5872.7
13,5872.9
19,5873.3
29,5873.8
5,5873.8
30,5873.9
31,5874.0
9,5874.0
17,5874.1
11,5874.1
7,5874.3
10,5874.3
6,5874.4
21,5874.4
2,5874.4
18,5874.4
23,5874.6
1,5875.2
22,5875.5
15,5875.9
13,5876.2
14,5876.3
12,5876.7
8,5877.7
19,5877.8
22,5879.2
28,5879.6
5,5879.7
3,5879.7
2,5879.8
29,5880.0
17,5880.3
10,5880.4
30,5880.5
31,5880.6
13,5880.6
9,5880.7
6,5881.3
7,5881.6
18,5881.7
21,5882.1
23,5882.2
1,5882.3
11,5882.8
22,5883.1
19,5883.5
5,5885.5
12,5886.1
30,5886.9
31,5887.6
13,5887.7
2,5887.8
29,5888.2
22,5888.8
17,5888.9
7,5891.5
8,5891.8
23,5893.1
19,5895.9
10,5897.5
5,5899.5
22,5900.6
13,5913.9
13,6258.3
22,6258.6
19,6258.8
17,6259.3
9,6259.4
10,6259.5
11,6259.6
2,6259.6
6,6259.7
21,6259.7
18,6259.8
29,6259.9
7,6260.0
1,6260.1
5,6261.2
15,6261.3
31,6261.5
13,6261.5
14,6261.7
12,6262.1
22,6262.5
19,6262.8
8,6263.1
30,6263.2
23,6263.8
2,6265.2
28,6265.7
3,6265.9
13,6266.0
17,6266.0
10,6266.2
9,6267.0
6,6267.0
7,6267.1
1,6267.2
19,6267.3
18,6267.4
21,6267.7
22,6268.0
11,6268.1
29,6270.6
13,6270.8
12,6272.2
9,6272.4
19,6272.4
10,6273.6
2,6273.8
22,6274.8
17,6275.3
18,6276.2
1,6277.9
11,6278.9
13,6279.0
8,6281.1
19,6281.5
9,6284.1
28,6286.3
13,6338.1
22,6338.4
19,6338.6
17,6339.1
9,6339.2
10,6339.3
6,6339.4
2,6339.4
11,6339.4
21,6339.5
18,6339.5
7,6339.7
29,6339.7
1,6339.8
15,6341.0
5,6341.0
13,6341.2
31,6341.3
14,6341.4
12,6341.6
19,6342.3
22,6342.4
8,6342.7
30,6342.9
23,6343.4
2,6344.7
3,6344.9
28,6345.1
17,6345.4
10,6345.6
13,6345.7
9,6346.1
7,6346.3
18,6346.5
6,6346.5
19,6346.6
1,6346.6
11,6347.1
21,6347.2
22,6347.4
29,6349.4
13,6350.5
9,6351.5
12,6351.5
19,6351.7
2,6352.8
10,6352.9
17,6354.1
22,6354.1
18,6355.1
1,6356.8
11,6357.9
8,6358.2
13,6358.8
19,6360.8
9,6363.0
22,6380.2
13,6418.0
22,6418.4
19,6418.6
17,6419.1
9,6419.3
10,6419.3
2,6419.4
6,6419.4
21,6419.4
11,6419.4
18,6419.5
29,6419.6
7,6419.6
1,6419.9
15,6420.9
5,6420.9
13,6421.2
31,6421.2
14,6421.4
12,6421.6
22,6422.4
19,6422.4
8,6422.6
30,6422.8
23,6423.5
2,6424.7
3,6424.9
28,6425.1
17,6425.3
13,6425.7
10,6425.8
6,6426.3
7,6426.4
9,6426.5
18,6426.8
1,6426.8
19,6426.9
21,6427.0
22,6427.6
11,6427.7
29,6429.5
13,6430.5
9,6431.5
12,6431.6
19,6431.8
2,6432.6
10,6433.1
17,6434.1
22,6434.1
18,6434.2
1,6436.8
11,6437.2
13,6438.0
8,6438.8
28,6439.6
19,6440.8
9,6441.4
22,6455.4
19,6483.9
10,6484.5
22,6484.7
9,6485.2
1,6487.3
19,6496.4
13,6497.9
22,6498.2
9,6498.9
11,6499.1
17,6499.1
10,6499.2
6,6499.3
18,6499.3
2,6499.4
21,6499.4
29,6499.6
7,6499.6
19,6499.7
1,6500.0
5,6500.9
15,6501.0
13,6501.2
31,6501.2
14,6501.4
12,6501.7
22,6501.8
8,6502.7
30,6502.8
23,6503.5
19,6503.8
28,6504.6
2,6504.8
3,6504.9
10,6505.2
17,6505.3
13,6505.6
9,6505.7
7,6506.2
6,6506.3
18,6506.6
21,6507.0
22,6507.1
1,6507.2
11,6507.8
19,6509.0
29,6509.5
12,6511.1
13,6512.7
2,6512.8
17,6513.9
8,6516.8
22,6517.9
19,6519.2
10,6520.9
13,6883.3
22,6883.4
19,6884.0
21,6884.3
17,6884.3
9,6884.4
11,6884.6
6,6884.7
7,6884.9
29,6885.0
5,6885.1
1,6885.1
31,6885.3
15,6885.3
13,6886.5
22,6886.6
14,6886.7
10,6886.7
12,6887.1
2,6887.1
18,6887.3
8,6888.1
20,6888.3
30,6888.3
19,6888.7
23,6888.9
21,6889.2
22,6890.6
28,6890.7
3,6890.9
13,6891.0
17,6891.0
9,6891.4
7,6891.7
1,6891.7
6,6892.0
19,6893.0
31,6893.0
5,6893.1
11,6893.1
15,6893.6
10,6895.0
22,6895.5
29,6895.7
13,6895.8
2,6895.9
18,6897.0
9,6897.0
12,6897.2
21,6898.7
19,6899.8
17,6900.3
1,6902.6
11,6903.9
13,6904.0
22,6904.3
8,6906.1
9,6909.8
28,6909.8
13,6963.1
22,6963.2
19,6963.8
21,6964.0
17,6964.1
9,6964.2
6,6964.4
11,6964.4
7,6964.7
29,6964.7
1,6964.8
5,6964.8
31,6965.0
15,6965.0
22,6966.3
10,6966.4
14,6966.4
13,6966.4
12,6966.6
2,6966.6
18,6966.9
8,6967.7
20,6967.8
30,6968.0
19,6968.4
23,6968.5
21,6968.7
3,6969.6
28,6970.0
17,6970.4
22,6970.5
13,6970.8
9,6971.1
7,6971.3
6,6971.4
1,6971.7
11,6972.1
31,6972.4
5,6972.7
15,6972.9
19,6972.9
10,6974.9
29,6974.9
2,6975.0
22,6975.2
13,6975.6
18,6975.9
12,6976.5
9,6976.7
21,6977.4
17,6979.1
19,6979.3
11,6982.3
1,6982.5
22,6982.9
8,6983.2
13,6984.3
9,6988.6
28,6991.8
19,7000.4
13,7043.0
22,7043.2
21,7043.9
19,7043.9
17,7044.1
11,7044.3
9,7044.3
6,7044.4
7,7044.6
29,7044.7
5,7044.7
31,7044.9
15,7044.9
1,7044.9
13,7046.2
14,7046.3
22,7046.3
12,7046.6
10,7046.6
2,7046.6
18,7046.9
8,7047.6
20,7047.7
30,7048.0
19,7048.4
23,7048.5
21,7048.8
3,7049.9
28,7049.9
17,7050.3
22,7050.6
13,7050.7
6,7051.3
7,7051.4
9,7051.5
1,7051.9
31,7052.2
11,7052.6
5,7052.6
15,7052.7
19,7053.2
29,7054.6
2,7055.0
22,7055.1
10,7055.2
13,7055.5
9,7056.5
12,7056.6
18,7056.8
21,7057.4
17,7059.1
19,7059.6
11,7062.1
22,7062.5
1,7062.6
13,7063.1
8,7063.8
28,7064.0
9,7066.4
19,7080.3
19,7109.0
22,7109.4
10,7109.9
9,7110.2
1,7112.5
19,7122.8
22,7122.9
13,7122.9
9,7123.9
21,7123.9
17,7124.1
11,7124.1
6,7124.4
29,7124.6
7,7124.6
5,7124.7
31,7124.9
15,7124.9
1,7125.0
22,7125.9
13,7126.2
10,7126.2
14,7126.3
18,7126.4
2,7126.6
12,7126.6
19,7126.8
20,7127.7
8,7127.7
30,7128.0
23,7128.5
21,7128.8
28,7129.4
22,7129.7
3,7130.1
17,7130.3
13,7130.6
9,7130.7
7,7131.2
6,7131.3
19,7131.8
31,7132.2
1,7132.3
5,7132.5
11,7132.7
15,7132.7
29,7134.6
2,7134.8
22,7135.6
12,7136.1
21,7137.4
13,7137.8
17,7138.9
19,7141.0
8,7141.8
22,7148.0
13,7508.3
22,7508.4
21,7508.9
11,7509.2
6,7509.2
17,7509.3
5,7509.4
9,7509.4
7,7509.4
19,7509.6
29,7510.0
15,7510.2
31,7510.2
13,7511.0
22,7511.6
14,7511.7
10,7511.8
18,7512.4
21,7512.6
20,7513.2
30,7513.3
11,7513.8
23,7513.9
7,7514.0
6,7514.1
5,7514.6
13,7514.7
1,7515.0
28,7515.7
22,7515.8
19,7515.8
3,7515.9
17,7516.0
9,7516.4
31,7517.8
21,7517.9
15,7518.4
13,7519.1
11,7519.7
10,7520.0
29,7520.7
22,7520.7
7,7521.6
18,7521.9
9,7522.0
19,7522.8
6,7523.0
5,7525.0
13,7525.1
17,7525.3
21,7528.4
11,7529.2
22,7529.5
28,7533.7
9,7534.8
13,7537.4
13,7588.0
22,7588.2
21,7588.7
6,7588.9
11,7588.9
17,7589.1
7,7589.2
5,7589.2
9,7589.2
19,7589.4
29,7589.7
15,7589.9
31,7589.9
13,7590.8
22,7591.3
14,7591.4
10,7591.4
18,7591.9
21,7592.1
20,7592.8
30,7593.0
11,7593.3
23,7593.5
7,7593.7
6,7593.8
5,7594.1
13,7594.3
3,7594.7
1,7594.7
28,7595.0
17,7595.4
22,7595.5
19,7595.8
9,7596.1
21,7597.2
31,7597.4
15,7597.9
13,7598.2
11,7598.7
10,7599.9
29,7600.0
22,7600.2
7,7600.9
18,7601.0
9,7601.7
19,7602.1
6,7602.2
5,7603.6
13,7603.9
17,7604.1
21,7606.6
11,7607.5
22,7607.9
9,7613.6
13,7614.9
28,7617.0
19,7632.3
13,7668.0
22,7668.2
21,7668.6
11,7668.8
6,7668.9
7,7669.1
17,7669.1
5,7669.1
9,7669.3
19,7669.5
29,7669.7
15,7669.9
31,7669.9
13,7670.6
22,7671.3
14,7671.4
10,7671.6
18,7671.9
21,7672.2
20,7672.8
30,7673.0
11,7673.4
7,7673.5
23,7673.5
6,7673.6
5,7674.0
13,7674.2
3,7674.9
28,7674.9
1,7674.9
17,7675.3
22,7675.6
19,7675.7
9,7676.5
31,7677.2
21,7677.2
15,7677.7
13,7678.7
11,7679.4
29,7679.7
22,7680.1
10,7680.2
7,7680.8
9,7681.5
19,7681.6
18,7681.8
6,7682.1
5,7683.1
13,7684.1
17,7684.1
21,7686.6
22,7687.5
11,7688.0
28,7689.0
9,7691.4
13,7694.5
19,7697.1
19,7734.2
22,7734.4
10,7734.9
9,7735.2
1,7738.2
22,7747.9
13,7747.9
19,7748.6
21,7748.6
11,7748.7
9,7748.9
6,7748.9
7,7749.1
17,7749.1
5,7749.1
29,7749.7
15,7749.9
31,7749.9
13,7750.5
22,7750.9
10,7751.2
18,7751.4
14,7751.4
21,7752.2
20,7752.8
30,7753.0
11,7753.1
7,7753.4
23,7753.5
6,7753.6
5,7754.0
13,7754.1
19,7754.1
28,7754.4
1,7754.7
22,7754.7
3,7755.1
17,7755.3
9,7755.7
31,7757.2
21,7757.2
15,7757.7
13,7759.0
29,7759.7
7,7760.4
22,7760.6
11,7760.8
6,7762.2
5,7763.1
17,7763.9
19,7765.4
21,7766.6
13,7767.8
22,7773.0
13,8133.4
22,8133.8
21,8133.9
11,8134.1
17,8134.3
7,8134.4
9,8134.4
5,8134.4
19,8134.6
6,8134.9
29,8135.0
15,8135.2
31,8135.2
30,8135.6
1,8135.7
13,8136.7
14,8136.7
10,8136.8
18,8137.4
21,8137.4
22,8137.9
20,8138.2
7,8138.8
23,8138.9
11,8138.9
5,8139.5
28,8140.7
19,8140.8
3,8140.9
17,8141.0
9,8141.4
13,8141.4
21,8142.7
22,8142.7
31,8142.8
1,8143.0
6,8143.1
15,8143.4
30,8143.9
11,8144.7
10,8145.0
29,8145.7
7,8146.2
13,8146.3
18,8147.0
9,8147.0
19,8147.8
5,8149.5
22,8150.1
17,8150.3
21,8153.2
11,8154.2
13,8154.9
28,8159.4
9,8159.8
13,8213.2
22,8213.6
21,8213.7
11,8213.9
17,8214.1
7,8214.2
9,8214.2
5,8214.2
19,8214.4
6,8214.6
29,8214.7
15,8214.9
31,8214.9
30,8215.3
1,8215.3
10,8216.3
14,8216.4
13,8216.5
18,8216.9
21,8217.2
22,8217.6
20,8217.7
11,8218.4
7,8218.5
23,8218.5
5,8219.2
3,8219.6
28,8220.1
17,8220.4
19,8220.8
13,8220.9
9,8221.1
21,8222.3
6,8222.3
31,8222.5
22,8222.6
15,8222.9
1,8223.0
30,8223.2
11,8223.7
10,8224.8
29,8225.0
13,8225.7
7,8225.8
18,8226.0
9,8226.7
19,8227.1
5,8228.6
17,8229.1
22,8229.7
21,8231.8
11,8232.5
13,8234.4
9,8238.6
1,8246.4
13,8293.2
22,8293.6
21,8293.6
11,8293.8
5,8294.1
7,8294.1
17,8294.1
9,8294.3
19,8294.5
6,8294.6
29,8294.7
31,8294.9
15,8294.9
30,8295.2
1,8295.3
13,8296.3
14,8296.4
10,8296.5
18,8296.9
21,8297.2
22,8297.6
20,8297.7
11,8298.4
7,8298.5
23,8298.5
5,8299.0
3,8299.8
28,8300.1
17,8300.3
13,8300.8
19,8300.9
9,8301.5
21,8302.2
31,8302.3
6,8302.4
15,8302.7
22,8302.9
30,8303.0
1,8303.1
11,8304.4
29,8304.7
10,8305.1
13,8305.6
7,8305.8
9,8306.5
18,8306.8
19,8307.2
5,8308.1
17,8309.1
22,8309.8
21,8311.7
11,8313.0
13,8313.2
28,8314.6
9,8316.4
1,8325.4
19,8327.3
19,8359.2
22,8359.7
10,8359.9
9,8360.2
1,8362.2
13,8373.1
22,8373.4
21,8373.6
11,8373.7
19,8373.7
9,8373.9
17,8374.1
5,8374.1
7,8374.1
6,8374.6
29,8374.7
15,8374.9
31,8374.9
30,8375.2
1,8375.3
10,8376.1
13,8376.2
18,8376.4
14,8376.4
22,8377.2
21,8377.2
20,8377.7
11,8378.1
7,8378.4
23,8378.5
5,8379.0
19,8379.1
28,8379.6
3,8379.9
17,8380.3
13,8380.7
9,8380.7
21,8382.2
31,8382.3
6,8382.4
15,8382.7
22,8382.9
30,8383.0
1,8384.6
29,8384.7
7,8385.4
11,8385.8
13,8387.8
5,8388.1
17,8388.9
19,8390.5
21,8391.7
22,8395.7
13,8415.7
13,8759.1
17,8759.3
9,8759.4
7,8759.4
5,8759.4
21,8759.5
19,8759.6
18,8759.8
22,8759.9
11,8760.1
31,8760.2
1,8760.6
10,8761.8
30,8763.2
20,8763.2
13,8763.8
7,8763.8
21,8764.3
5,8764.5
29,8764.6
6,8764.6
28,8765.7
19,8765.8
3,8765.9
17,8766.0
15,8766.3
22,8766.3
9,8766.4
11,8766.9
18,8766.9
31,8767.8
1,8767.9
13,8769.6
10,8770.0
7,8771.2
9,8772.0
21,8772.6
19,8772.8
22,8774.3
11,8774.5
18,8774.5
5,8774.5
17,8775.3
13,8778.1
9,8784.8
28,8786.3
13,8838.9
17,8839.1
7,8839.2
5,8839.2
9,8839.2
21,8839.3
19,8839.4
18,8839.5
11,8839.7
22,8839.7
31,8839.9
1,8840.4
10,8841.3
20,8842.7
30,8843.0
13,8843.3
7,8843.5
21,8843.8
29,8844.0
6,8844.0
5,8844.2
28,8845.1
3,8845.2
17,8845.4
19,8845.8
15,8845.9
18,8846.1
9,8846.1
22,8846.2
11,8846.2
31,8847.5
1,8848.0
13,8848.6
10,8849.8
7,8850.9
9,8851.7
21,8851.8
19,8852.1
22,8853.6
5,8853.6
11,8853.8
18,8853.9
17,8854.1
13,8856.7
9,8863.6
13,8918.8
5,8919.1
7,8919.1
17,8919.1
21,8919.2
9,8919.3
18,8919.4
19,8919.5
11,8919.7
22,8919.8
31,8919.9
1,8920.3
10,8921.5
20,8922.7
30,8922.8
13,8923.3
7,8923.5
21,8923.8
29,8923.9
6,8924.0
5,8924.0
28,8925.1
3,8925.3
17,8925.3
19,8925.9
15,8925.9
18,8926.1
22,8926.3
11,8926.3
9,8926.5
31,8927.3
1,8928.3
13,8929.3
10,8930.1
7,8930.9
9,8931.5
21,8931.8
19,8932.2
18,8932.9
5,8933.1
11,8933.3
22,8933.6
17,8934.1
13,8937.4
28,8939.6
9,8941.4
19,8952.3
18,8961.2
19,8984.2
10,8984.9
22,8985.0
9,8985.2
1,8987.4
19,8998.7
13,8998.7
9,8998.9
5,8999.1
17,8999.1
7,8999.1
18,8999.2
21,8999.2
11,8999.6
22,8999.6
31,8999.9
1,9000.4
10,9001.1
20,9002.7
30,9002.8
13,9003.1
7,9003.4
21,9003.8
29,9003.9
6,9004.0
5,9004.0
19,9004.1
28,9004.6
17,9005.3
3,9005.3
22,9005.7
9,9005.7
15,9005.9
18,9005.9
11,9006.1
31,9007.3
1,9009.7
13,9010.4
7,9010.5
21,9011.8
5,9013.1
17,9013.9
19,9015.5
22,9024.0
18,9031.6
9,9383.9
13,9384.1
5,9384.4
7,9384.4
21,9384.5
19,9384.6
18,9384.8
22,9385.0
11,9385.1
31,9385.2
1,9385.6
10,9386.8
17,9386.9
0,9386.9
25,9387.1
20,9388.2
9,9388.2
30,9388.3
13,9388.8
7,9388.8
21,9389.3
5,9389.5
6,9389.7
29,9389.7
28,9390.7
19,9390.8
3,9391.0
22,9391.3
15,9391.5
18,9391.7
11,9391.9
31,9392.8
1,9392.9
9,9392.9
13,9394.6
10,9395.0
7,9396.2
21,9397.6
19,9397.8
9,9398.3
18,9399.1
22,9399.3
5,9399.5
11,9399.5
13,9403.2
9,9409.9
28,9411.3
9,9463.6
13,9463.9
7,9464.2
5,9464.2
21,9464.3
19,9464.4
18,9464.5
22,9464.7
11,9464.8
31,9464.9
1,9465.4
10,9466.3
0,9466.4
17,9466.6
25,9466.7
9,9467.8
20,9467.8
30,9468.0
13,9468.3
7,9468.5
21,9468.8
6,9469.1
29,9469.1
5,9469.2
28,9470.1
3,9470.3
19,9470.8
15,9471.0
18,9471.1
22,9471.2
11,9471.2
9,9472.3
31,9472.5
1,9473.0
13,9473.6
10,9474.8
7,9475.9
21,9476.8
19,9477.1
9,9477.5
5,9478.6
22,9478.6
11,9478.8
18,9478.9
13,9481.7
9,9487.5
9,9543.6
13,9543.8
5,9544.1
7,9544.1
21,9544.2
18,9544.5
19,9544.5
11,9544.8
22,9544.8
31,9544.9
1,9545.3
0,9546.4
17,9546.5
10,9546.5
25,9546.6
20,9547.7
30,9547.8
9,9547.9
13,9548.3
7,9548.5
29,9548.9
21,9548.9
5,9549.0
6,9549.1
28,9550.1
3,9550.3
19,9550.9
15,9550.9
18,9551.1
22,9551.3
11,9551.4
31,9552.3
9,9553.0
1,9553.3
13,9554.3
10,9555.1
7,9555.9
21,9556.8
19,9557.2
18,9557.9
5,9558.1
9,9558.3
11,9558.3
22,9558.6
13,9562.4
28,9564.6
9,9568.2
19,9577.3
19,9609.2
9,9609.8
10,9609.9
22,9610.0
1,9612.4
9,9623.3
13,9623.7
19,9623.7
7,9624.1
5,9624.1
21,9624.2
18,9624.3
11,9624.6
22,9624.6
31,9624.9
1,9625.4
10,9626.1
0,9626.3
25,9626.5
17,9626.6
9,9627.3
20,9627.7
30,9627.8
13,9628.1
7,9628.4
21,9628.8
29,9628.9
5,9629.0
19,9629.1
6,9629.1
28,9629.6
3,9630.3
18,9630.9
15,9630.9
22,9630.9
11,9631.1
31,9632.3
9,9633.5
1,9634.7
13,9635.4
7,9635.5
21,9636.8
5,9638.1
19,9640.5
9,9650.4
22,9651.4
