51,98.5
2,99.7
56,99.9
10,101.7
46,102.0
30,102.3
61,102.3
47,102.3
3,102.5
20,102.8
62,104.6
49,105.0
25,105.2
12,105.3
40,105.8
9,106.1
37,107.2
21,107.4
58,108.0
15,108.1
34,109.9
59,110.8
56,112.7
2,112.9
51,115.2
24,116.1
13,118.9
1,121.6
5,125.3
47,126.1
13,127.1
0,127.9
5,132.8
38,133.8
13,134.0
61,136.0
49,137.3
5,138.5
54,139.2
57,139.6
13,139.8
53,140.6
38,141.2
27,141.7
25,142.2
34,143.6
49,145.3
5,146.3
25,148.4
27,148.4
57,148.7
13,148.8
22,148.9
11,149.0
34,149.7
54,150.1
1,150.2
8,150.6
51,151.4
5,151.4
12,151.9
49,152.0
53,152.9
61,153.7
17,153.9
33,154.0
0,156.1
47,158.5
57,159.4
40,160.7
17,162.9
18,164.5
42,164.5
0,174.9
45,175.0
49,176.6
49,181.8
0,181.8
49,187.1
0,187.4
33,189.3
8,190.0
49,193.9
0,194.2
33,195.7
8,197.0
0,201.8
49,202.8
33,206.2
38,206.5
13,207.8
0,216.1
38,220.0
13,225.7
61,267.7
2,270.5
62,270.9
47,274.7
5,278.5
47,280.4
13,280.7
34,280.7
5,284.6
57,285.1
13,286.5
47,286.5
34,287.2
38,287.3
54,287.8
13,290.1
5,291.8
57,293.3
54,293.5
34,294.6
13,295.2
38,295.4
47,295.5
25,298.5
51,298.9
22,300.1
17,300.7
5,301.3
13,301.8
54,303.3
34,305.0
27,307.3
51,307.6
11,308.1
57,310.6
47,312.9
22,314.1
25,314.5
5,317.1
17,321.8
27,323.4
11,324.9
51,327.8
27,338.3
51,641.6
47,643.6
2,643.7
49,643.9
56,644.8
61,645.5
0,646.1
13,646.3
25,646.4
10,646.8
46,647.0
20,647.0
3,647.2
30,647.4
62,647.5
34,648.1
40,649.4
51,649.8
12,650.8
9,651.4
21,651.8
37,652.1
47,652.2
15,652.9
2,653.2
58,653.7
59,654.0
49,656.2
13,657.2
56,657.3
1,657.6
61,658.5
0,658.5
25,659.4
5,660.4
24,660.8
29,662.6
13,663.4
34,663.5
51,663.5
5,665.3
47,665.6
38,665.6
54,666.6
44,666.7
20,666.9
27,668.1
25,668.2
13,668.4
49,668.6
57,668.7
5,669.9
11,670.7
22,670.8
1,671.2
38,671.3
34,671.6
13,672.7
47,673.6
51,673.8
27,673.9
17,674.0
54,674.2
53,674.3
57,674.4
5,674.4
25,675.9
49,676.1
33,676.8
13,677.1
22,678.5
5,678.6
38,678.9
34,680.0
47,680.4
0,681.0
17,681.7
57,681.8
11,682.3
27,682.8
49,682.9
13,683.3
54,683.7
61,684.1
5,685.0
38,686.8
18,687.9
34,688.5
13,689.1
51,689.2
49,689.9
25,691.6
0,692.1
22,693.3
13,695.0
5,695.3
54,695.5
49,697.1
40,702.5
61,705.5
57,713.5
0,718.7
49,720.1
0,726.7
52,726.7
49,727.7
0,732.2
52,732.6
49,734.4
27,736.0
0,738.6
52,738.7
49,742.1
52,745.5
0,747.8
47,749.6
38,756.0
52,757.4
5,757.8
34,758.5
47,758.7
49,762.1
34,771.0
61,810.2
47,817.1
2,821.2
13,821.3
5,825.0
13,825.5
38,825.7
5,829.0
13,829.8
54,829.8
1,830.2
47,830.6
25,832.1
5,833.1
13,834.0
38,834.3
51,834.7
22,835.7
34,836.3
42,836.6
54,836.6
49,837.0
5,837.3
17,837.8
25,837.8
1,837.9
11,838.4
13,838.7
57,841.8
5,842.0
51,842.3
47,842.5
27,843.2
53,843.3
25,846.1
22,847.2
1,848.4
5,848.5
34,849.4
17,851.5
42,852.1
53,853.0
13,853.5
25,854.5
54,858.1
17,877.7
51,880.2
61,887.2
51,887.6
40,890.1
62,892.7
20,893.0
51,894.7
17,894.9
47,895.8
0,909.8
38,911.6
49,913.2
47,915.3
13,916.0
0,916.9
5,918.1
49,918.5
34,918.8
57,921.4
0,925.2
47,925.6
61,926.1
49,926.5
34,929.6
61,933.8
33,937.1
22,938.0
61,938.6
12,939.0
0,939.7
8,943.3
49,944.3
61,944.6
33,945.3
61,950.0
12,951.8
51,1265.0
47,1266.5
49,1267.3
61,1267.4
2,1267.5
25,1268.1
13,1269.0
34,1269.2
0,1269.3
56,1269.9
20,1270.2
51,1270.8
40,1271.0
62,1271.4
10,1272.1
12,1272.4
30,1272.6
3,1272.9
1,1273.3
47,1273.4
46,1273.5
2,1274.4
61,1274.8
49,1275.8
25,1276.0
9,1277.0
58,1277.3
0,1277.4
37,1278.0
13,1278.3
51,1278.6
15,1278.7
59,1278.8
21,1279.4
52,1280.1
34,1281.3
56,1281.3
5,1281.7
20,1281.8
53,1282.9
47,1284.2
49,1284.4
40,1284.6
1,1284.9
13,1285.1
2,1285.3
24,1285.7
33,1286.4
0,1286.7
5,1287.5
25,1287.7
38,1290.4
13,1291.3
61,1292.0
34,1292.4
5,1293.0
57,1293.2
49,1293.6
54,1293.8
46,1294.5
47,1295.8
13,1296.7
38,1297.1
53,1298.0
5,1298.4
61,1299.3
25,1299.7
57,1300.1
49,1300.3
22,1300.3
0,1300.9
34,1301.5
13,1301.7
5,1302.6
54,1304.1
47,1304.5
49,1306.1
17,1306.1
25,1306.9
61,1307.0
12,1308.5
34,1309.4
38,1309.5
1,1309.8
53,1310.0
0,1310.1
5,1310.5
57,1311.1
49,1311.8
22,1312.9
13,1312.9
25,1313.9
5,1315.7
61,1316.5
49,1317.3
0,1322.0
25,1323.4
33,1329.3
47,1354.5
47,1372.4
38,1378.5
13,1378.7
5,1379.1
47,1382.5
22,1387.9
34,1389.1
38,1399.0
34,1402.7
61,1431.7
2,1435.4
47,1437.6
5,1447.0
49,1448.8
13,1449.0
5,1450.5
0,1451.3
47,1451.4
49,1452.4
13,1453.1
54,1454.3
5,1455.1
1,1455.1
49,1456.9
13,1457.0
25,1457.9
0,1458.1
38,1458.3
5,1458.4
51,1458.5
49,1460.3
53,1460.7
13,1461.2
54,1461.6
47,1462.2
1,1462.3
42,1462.9
5,1463.3
25,1463.6
17,1463.6
52,1463.9
0,1464.3
51,1465.3
49,1465.6
22,1466.0
13,1466.4
53,1466.8
5,1468.4
54,1469.5
45,1469.9
49,1470.0
0,1472.1
25,1473.6
53,1474.5
17,1476.0
52,1476.0
1,1477.0
13,1478.6
54,1480.4
51,1504.0
17,1504.7
61,1508.4
51,1511.1
40,1512.3
62,1513.5
20,1514.2
2,1514.5
17,1518.0
51,1518.7
61,1519.1
47,1523.4
34,1528.7
57,1531.6
47,1532.2
38,1535.5
34,1535.8
13,1538.6
5,1539.2
47,1542.7
61,1546.6
34,1546.9
27,1548.2
57,1548.8
61,1551.5
11,1555.6
43,1559.3
34,1561.5
61,1561.8
5,1564.1
18,1566.7
61,1567.1
33,1569.0
12,1569.7
43,1574.9
51,1889.8
47,1891.4
61,1891.5
2,1891.6
49,1892.1
25,1892.3
13,1893.9
34,1894.1
0,1894.3
20,1894.5
40,1894.7
51,1895.1
62,1895.7
56,1895.7
1,1896.1
12,1896.5
2,1897.6
47,1897.9
46,1898.0
61,1898.3
3,1898.6
30,1898.7
53,1898.9
10,1899.4
25,1899.4
49,1899.5
0,1901.2
13,1901.6
51,1902.7
37,1903.5
59,1904.6
20,1904.8
21,1904.8
52,1904.9
58,1905.4
9,1905.6
2,1905.7
40,1905.8
56,1906.2
5,1906.3
33,1906.5
1,1906.6
34,1907.0
15,1907.2
13,1909.4
24,1909.9
49,1910.8
47,1910.8
53,1911.7
25,1911.9
5,1912.5
0,1914.0
61,1914.6
38,1915.7
13,1915.7
57,1917.1
54,1919.4
5,1919.5
34,1920.5
13,1921.1
47,1921.9
38,1922.2
49,1923.8
18,1924.0
11,1924.5
61,1924.7
5,1924.9
57,1925.1
25,1925.3
13,1925.3
34,1928.1
54,1929.3
5,1929.9
49,1931.3
47,1931.5
17,1932.0
61,1932.6
25,1933.0
12,1933.3
27,1933.3
0,1933.5
13,1933.5
22,1934.3
34,1934.8
53,1935.5
57,1935.6
49,1936.9
38,1937.7
25,1937.7
43,1937.8
0,1940.1
5,1940.9
49,1941.7
18,1942.4
61,1943.0
25,1943.2
13,1944.4
8,1944.7
22,1946.3
49,1953.1
0,1953.9
33,1954.2
47,1981.5
40,1984.6
2,1988.4
47,1995.5
5,1997.0
13,2000.9
38,2001.8
47,2006.5
22,2008.0
13,2008.3
13,2014.7
54,2014.8
5,2017.9
13,2028.5
61,2054.7
2,2057.1
47,2062.3
5,2072.1
49,2072.3
47,2074.6
34,2074.8
0,2075.3
5,2075.7
49,2076.1
25,2079.2
49,2080.5
5,2080.6
1,2080.7
0,2081.2
57,2081.4
34,2081.4
62,2082.4
22,2082.7
51,2083.6
49,2084.0
38,2084.1
5,2084.7
47,2084.8
25,2086.5
0,2087.1
42,2087.5
1,2088.3
13,2088.8
17,2088.8
49,2089.6
53,2089.8
34,2090.2
5,2090.9
25,2092.1
51,2092.7
52,2094.0
38,2094.1
57,2094.3
49,2094.4
0,2096.4
5,2098.2
11,2099.6
53,2100.0
27,2100.3
17,2101.3
53,2105.9
52,2106.0
34,2113.3
61,2132.5
2,2136.0
40,2139.0
62,2139.8
61,2141.1
27,2141.2
11,2141.7
20,2144.3
47,2148.2
13,2153.0
11,2154.2
47,2156.2
13,2157.2
54,2159.0
38,2160.7
13,2161.5
25,2165.1
22,2165.5
13,2165.7
54,2166.1
5,2166.2
47,2166.4
34,2169.6
13,2170.9
25,2172.3
38,2173.4
43,2176.3
22,2177.1
13,2177.5
54,2177.8
57,2181.8
34,2185.0
43,2195.0
51,2514.7
2,2515.9
61,2516.3
47,2516.4
49,2517.2
25,2517.2
13,2519.1
34,2519.1
40,2519.1
62,2519.1
20,2519.1
0,2519.4
51,2520.0
1,2520.6
56,2521.4
2,2521.4
53,2522.1
12,2522.2
61,2522.6
47,2522.7
25,2524.3
46,2524.5
30,2524.6
49,2524.7
3,2524.9
10,2526.2
0,2526.4
13,2526.8
51,2527.3
2,2528.0
40,2528.3
52,2528.5
11,2528.7
20,2528.8
62,2530.3
5,2531.0
37,2531.3
33,2531.5
59,2531.8
1,2531.8
53,2532.0
58,2532.1
34,2532.4
56,2532.9
21,2533.6
13,2534.3
15,2535.3
9,2535.6
47,2535.9
49,2536.4
25,2536.5
5,2537.9
61,2539.8
54,2540.2
38,2540.5
13,2541.0
0,2541.7
57,2542.1
5,2545.2
13,2546.4
38,2547.1
47,2547.2
34,2547.3
25,2549.0
49,2549.2
54,2550.3
5,2550.6
13,2550.8
57,2551.4
22,2551.6
25,2555.3
5,2555.9
49,2557.0
47,2557.2
34,2557.6
0,2559.1
13,2559.3
38,2560.6
53,2561.1
25,2561.7
57,2562.4
27,2562.5
49,2562.5
43,2563.7
0,2566.1
22,2566.5
25,2567.0
49,2567.8
5,2568.2
17,2570.0
49,2584.3
0,2584.8
61,2599.3
40,2601.3
2,2604.3
47,2606.7
47,2618.2
5,2621.9
38,2627.3
47,2628.3
5,2629.5
13,2629.6
22,2631.3
38,2644.2
13,2650.6
61,2678.4
2,2679.5
62,2684.7
47,2686.5
2,2689.1
5,2695.6
61,2696.5
49,2697.1
13,2697.6
34,2698.0
5,2699.3
47,2699.6
49,2700.6
0,2700.6
13,2702.1
5,2703.4
38,2703.6
25,2703.7
57,2704.0
1,2704.3
34,2704.5
49,2704.6
54,2704.9
51,2706.5
13,2706.8
0,2707.2
5,2707.3
22,2708.0
49,2708.2
25,2708.5
47,2709.9
42,2712.0
34,2712.3
13,2712.5
1,2712.5
49,2712.7
54,2712.8
17,2713.3
5,2713.6
0,2713.6
57,2714.4
45,2714.7
25,2714.7
51,2716.0
49,2720.2
0,2721.4
5,2721.9
25,2726.1
34,2734.6
61,2758.2
43,2759.2
11,2760.9
25,2762.0
62,2762.2
2,2762.4
27,2762.7
40,2763.2
20,2766.7
43,2767.7
61,2769.0
11,2769.7
27,2770.9
47,2771.5
25,2774.4
43,2777.2
47,2780.9
27,2781.5
11,2781.7
38,2782.6
13,2784.8
34,2790.2
38,2792.1
57,2792.7
47,2793.5
25,2794.9
53,2797.1
13,2799.2
38,2799.4
34,2800.3
53,2804.0
52,2804.6
57,2805.4
34,2849.4
51,3138.3
2,3138.7
61,3139.2
47,3139.3
49,3139.9
25,3140.1
40,3140.9
62,3141.0
13,3141.0
20,3141.1
0,3141.3
34,3141.3
51,3141.7
1,3142.1
2,3142.5
53,3142.7
61,3143.2
56,3143.5
47,3143.7
12,3144.5
25,3144.6
49,3144.8
51,3145.5
40,3145.5
11,3145.9
20,3146.0
0,3146.1
2,3146.2
62,3146.2
13,3146.2
52,3146.5
3,3146.5
34,3146.6
46,3146.8
1,3147.0
30,3147.1
5,3147.6
10,3147.7
61,3148.0
33,3148.1
53,3148.3
59,3148.6
47,3148.9
25,3149.4
56,3149.4
49,3150.2
2,3150.4
51,3150.8
58,3151.0
54,3151.2
15,3151.3
0,3151.3
40,3151.4
57,3151.4
37,3152.0
27,3152.0
20,3152.0
13,3152.1
12,3152.3
21,3152.4
9,3153.3
17,3153.3
1,3153.7
11,3154.0
61,3155.0
53,3155.1
24,3155.4
62,3155.6
52,3156.8
46,3157.0
5,3157.0
2,3157.1
44,3157.6
33,3157.9
49,3159.6
34,3159.8
47,3160.2
29,3162.4
40,3162.4
0,3163.0
54,3172.0
61,3220.6
47,3220.6
2,3220.8
51,3221.2
62,3225.0
13,3225.4
47,3226.1
49,3226.3
61,3226.4
2,3226.5
40,3226.7
0,3228.0
34,3230.0
20,3230.9
51,3299.4
2,3300.1
61,3300.3
47,3300.3
49,3302.0
25,3302.1
13,3303.1
62,3303.2
40,3304.0
34,3304.4
0,3304.6
51,3304.6
2,3304.9
53,3305.4
20,3305.5
47,3305.5
61,3305.6
1,3307.8
49,3308.5
13,3309.2
25,3309.7
2,3310.4
0,3311.8
53,3313.5
40,3315.2
56,3315.8
51,3317.5
62,3321.4
11,3322.9
51,3379.4
61,3379.8
2,3380.0
47,3380.2
49,3381.8
25,3382.2
20,3382.6
62,3383.2
40,3383.2
34,3383.4
13,3383.7
51,3384.4
0,3384.6
2,3384.9
61,3385.1
47,3385.4
1,3386.2
53,3387.4
49,3387.9
20,3388.5
25,3389.5
40,3389.8
2,3390.1
13,3390.3
56,3390.6
12,3390.6
0,3391.4
59,3391.9
34,3392.5
46,3393.6
61,3393.6
62,3393.8
52,3393.9
51,3395.1
47,3398.3
5,3400.7
51,3763.4
47,3764.3
2,3764.5
0,3765.1
25,3765.2
61,3765.7
13,3766.0
62,3766.0
51,3766.9
40,3767.0
1,3767.3
52,3767.8
53,3767.8
11,3767.8
49,3768.6
47,3768.8
37,3768.9
56,3769.0
2,3769.1
57,3769.2
25,3769.8
0,3769.8
20,3769.9
51,3770.9
62,3771.2
13,3771.2
61,3771.5
58,3771.5
54,3771.8
3,3772.0
16,3772.2
46,3772.3
30,3772.4
40,3772.5
1,3772.5
2,3773.3
53,3773.5
5,3773.9
47,3774.0
0,3774.3
11,3774.4
44,3774.4
25,3774.9
52,3775.2
49,3775.3
56,3775.7
20,3775.8
51,3775.9
37,3776.1
13,3777.2
21,3778.2
27,3778.2
9,3778.6
17,3778.7
1,3778.9
54,3779.0
2,3779.1
33,3779.5
0,3779.5
57,3779.6
12,3779.9
40,3779.9
62,3780.0
5,3780.7
53,3781.2
46,3781.5
61,3782.0
10,3782.8
44,3782.9
47,3783.1
29,3784.8
49,3785.8
34,3787.0
18,3787.8
47,3845.6
51,3845.7
2,3847.7
61,3848.2
0,3848.8
62,3849.4
13,3849.8
47,3851.0
40,3852.3
2,3854.0
51,3854.3
0,3856.5
25,3856.7
53,3859.5
13,3860.1
52,3861.0
51,3924.6
47,3925.3
2,3926.3
61,3926.9
0,3927.2
62,3927.5
25,3927.7
40,3929.0
13,3929.6
51,3930.0
47,3930.5
37,3931.7
2,3931.8
1,3932.0
11,3932.3
20,3932.7
0,3932.7
53,3933.0
52,3933.6
49,3934.5
57,3935.2
62,3936.1
25,3937.5
13,3938.0
61,3938.7
40,3940.2
2,3942.2
0,3948.7
51,4003.8
47,4005.3
2,4007.0
61,4007.3
25,4007.5
51,4007.8
62,4007.9
0,4008.1
13,4008.7
40,4009.6
56,4009.7
11,4009.7
52,4010.1
53,4010.3
37,4010.6
47,4010.7
49,4011.2
20,4012.2
57,4012.4
1,4012.5
58,4012.6
2,4012.7
51,4013.1
16,4014.2
0,4014.2
30,4014.8
13,4015.4
54,4015.5
25,4015.9
46,4017.0
62,4017.3
53,4017.8
11,4021.0
56,4021.4
40,4021.9
5,4022.9
49,4023.7
47,4025.7
0,4027.5
44,4031.5
51,4388.3
47,4389.3
25,4390.1
61,4390.7
62,4391.0
2,4391.2
0,4391.6
51,4391.7
40,4392.0
1,4392.3
52,4392.7
16,4393.2
56,4393.4
47,4393.7
13,4394.1
57,4394.2
25,4394.7
20,4395.0
51,4395.8
62,4396.2
2,4396.3
37,4396.4
58,4396.5
0,4396.6
61,4396.7
54,4397.1
3,4397.2
40,4397.6
1,4397.6
47,4398.9
5,4399.1
44,4399.6
25,4399.9
52,4400.4
51,4400.8
13,4401.2
56,4401.3
11,4401.3
20,4401.3
16,4401.6
0,4402.3
2,4402.8
1,4404.1
54,4405.3
27,4405.5
17,4405.6
9,4406.1
40,4406.2
33,4406.5
62,4406.7
46,4407.3
12,4407.4
5,4407.5
61,4407.5
44,4408.7
47,4408.8
32,4410.7
51,4469.5
47,4470.6
61,4473.6
51,4474.6
62,4475.1
47,4476.1
52,4476.7
25,4477.1
0,4477.6
13,4478.4
40,4478.9
2,4479.2
51,4490.1
51,4549.5
47,4550.3
61,4552.0
25,4552.5
62,4552.6
40,4554.2
0,4554.3
2,4554.6
51,4554.7
47,4555.5
52,4556.4
1,4556.7
57,4557.8
13,4558.0
20,4558.3
16,4558.5
56,4560.4
62,4561.6
25,4561.6
37,4562.3
0,4563.1
61,4565.5
40,4567.5
51,4570.1
2,4572.3
51,4629.6
47,4630.2
25,4631.9
61,4632.3
62,4632.9
2,4633.9
0,4634.0
1,4634.2
40,4634.7
51,4635.0
47,4635.4
52,4636.2
20,4637.4
57,4637.9
13,4637.9
25,4638.7
16,4638.8
0,4641.9
62,4642.4
37,4642.5
1,4642.8
2,4643.0
56,4643.2
44,4643.7
47,4648.0
61,4649.4
5,4650.9
54,4651.8
51,5013.3
25,5015.1
2,5015.4
61,5015.8
47,5016.3
0,5016.6
16,5016.8
51,5016.8
40,5017.0
1,5017.5
52,5017.7
62,5018.2
13,5018.8
32,5019.4
9,5019.7
25,5019.7
2,5020.2
51,5020.8
58,5021.3
37,5021.5
0,5021.6
46,5021.6
47,5021.8
61,5021.8
56,5021.9
54,5022.0
40,5022.7
1,5022.9
16,5023.4
44,5024.4
53,5024.7
20,5025.0
25,5025.1
52,5025.2
13,5025.5
2,5025.8
51,5025.8
62,5025.8
0,5027.8
54,5029.0
32,5029.3
9,5029.5
40,5030.0
17,5030.1
1,5030.9
27,5031.9
44,5032.1
47,5032.3
61,5033.9
20,5035.2
46,5036.1
33,5038.0
49,5043.2
51,5094.6
61,5097.9
2,5098.6
47,5099.0
51,5099.9
40,5100.3
0,5101.9
62,5102.3
25,5102.6
52,5104.6
13,5107.3
16,5109.7
51,5174.2
25,5176.9
61,5176.9
2,5176.9
47,5178.2
40,5178.8
16,5178.9
51,5178.9
0,5179.3
52,5180.6
62,5180.8
1,5181.1
13,5182.7
2,5182.9
37,5183.0
9,5184.1
25,5184.1
51,5186.4
61,5187.6
0,5188.4
40,5189.5
47,5189.6
58,5190.5
32,5192.8
51,5254.3
2,5257.2
61,5257.3
25,5257.4
16,5258.7
47,5258.9
51,5259.2
40,5259.6
0,5259.9
52,5260.3
62,5260.7
1,5262.0
13,5262.6
2,5263.5
25,5265.5
37,5265.9
9,5267.5
51,5268.3
46,5268.7
0,5270.4
54,5270.8
20,5271.7
61,5272.9
40,5277.3
44,5279.5
51,5638.8
25,5640.1
2,5640.4
62,5641.3
47,5641.4
0,5641.6
16,5641.7
40,5641.9
54,5642.0
1,5642.4
46,5642.8
51,5642.9
37,5643.0
25,5644.6
9,5644.7
2,5645.3
17,5646.0
58,5646.3
0,5646.6
56,5646.7
62,5646.8
47,5647.0
40,5647.6
51,5647.6
1,5647.6
52,5648.3
61,5648.3
16,5648.4
54,5648.7
32,5648.9
55,5648.9
53,5649.3
13,5649.5
46,5649.7
20,5650.0
25,5650.1
37,5650.7
2,5651.0
0,5653.1
17,5653.5
44,5653.6
51,5653.8
36,5654.0
9,5654.3
1,5655.0
40,5655.4
5,5656.1
33,5656.9
54,5657.6
47,5657.9
49,5657.9
52,5658.2
20,5659.8
62,5663.8
51,5723.4
47,5724.1
62,5724.7
2,5724.7
40,5726.3
0,5728.0
51,5799.7
25,5801.3
2,5801.8
16,5802.6
62,5803.1
47,5803.2
54,5803.4
40,5803.9
37,5804.1
0,5804.2
46,5804.5
51,5805.2
1,5806.0
2,5807.6
9,5807.6
25,5807.7
58,5811.6
13,5812.7
62,5812.8
0,5812.8
61,5813.3
47,5814.5
40,5814.6
17,5814.7
16,5815.2
51,5815.2
55,5816.9
54,5817.1
56,5817.6
1,5822.3
53,5824.1
51,5880.3
2,5882.2
25,5882.2
62,5883.8
47,5884.1
37,5884.3
16,5884.3
40,5884.6
0,5885.2
46,5885.4
54,5885.9
51,5886.5
2,5888.6
1,5889.3
25,5890.5
9,5891.4
20,5897.8
40,5900.0
51,6263.8
2,6265.4
37,6266.3
16,6266.6
54,6266.8
25,6267.2
1,6267.5
46,6267.8
51,6267.8
52,6268.6
32,6269.1
34,6269.9
2,6270.3
0,6270.6
17,6270.7
58,6271.0
56,6271.2
3,6271.5
9,6271.6
37,6272.3
51,6272.4
61,6272.5
16,6273.1
1,6273.2
54,6274.0
38,6274.1
25,6274.2
55,6274.5
53,6274.9
47,6275.0
20,6275.1
13,6275.4
46,6275.4
62,6275.6
36,6275.7
33,6275.7
2,6276.2
40,6276.6
52,6276.9
44,6278.3
0,6278.4
51,6278.6
17,6278.8
32,6279.1
5,6279.7
1,6280.5
34,6281.3
25,6281.7
35,6282.2
61,6282.3
10,6282.3
49,6282.4
20,6283.1
54,6283.3
23,6283.3
3,6284.4
40,6285.1
33,6287.0
41,6291.0
39,6292.7
51,6346.5
2,6347.9
37,6348.0
16,6351.7
54,6356.0
2,6356.1
51,6358.0
52,6361.7
46,6363.8
51,6425.3
37,6427.1
2,6427.6
16,6428.3
54,6429.5
25,6430.8
1,6431.2
51,6431.4
52,6433.3
34,6434.3
2,6434.6
46,6434.9
17,6435.0
37,6435.1
0,6435.4
58,6435.7
9,6436.4
38,6437.7
55,6439.0
61,6439.0
13,6439.7
32,6440.0
56,6440.5
62,6440.8
20,6441.3
51,6504.6
2,6506.9
37,6507.8
16,6508.0
25,6508.5
54,6508.6
1,6509.0
51,6509.5
46,6510.0
52,6512.5
2,6512.7
3,6514.0
32,6514.1
0,6514.6
53,6517.6
1,6517.8
37,6519.1
17,6519.4
34,6522.6
40,6523.9
61,6524.4
20,6525.4
47,6526.7
51,6889.6
25,6890.5
37,6891.1
16,6891.6
54,6891.8
56,6892.1
2,6892.4
3,6892.4
52,6893.5
36,6893.5
32,6894.0
46,6894.3
51,6894.6
34,6894.8
62,6894.9
25,6895.7
17,6895.8
9,6896.4
37,6897.0
55,6898.3
16,6898.6
2,6898.7
61,6898.7
3,6898.7
56,6898.8
54,6899.1
33,6899.7
38,6899.8
53,6899.9
47,6900.0
36,6901.0
42,6901.1
25,6901.2
51,6901.6
52,6902.1
40,6902.1
1,6903.0
17,6903.0
41,6903.2
57,6903.8
18,6903.9
32,6904.0
34,6904.1
62,6904.6
7,6905.0
5,6906.1
35,6906.2
54,6907.7
49,6907.7
46,6907.7
61,6909.4
23,6909.4
43,6910.5
33,6910.8
37,6911.0
25,6911.6
58,6911.7
55,6912.0
40,6912.1
45,6914.3
1,6916.4
25,6974.6
2,6975.0
51,6975.7
37,6980.7
36,6982.9
51,7051.0
25,7052.0
37,7052.7
16,7053.0
54,7053.2
3,7053.3
2,7053.9
56,7054.2
52,7055.0
62,7057.0
46,7057.1
36,7057.2
34,7059.0
25,7059.1
51,7060.5
9,7061.8
3,7062.1
32,7062.3
61,7062.9
37,7063.0
17,7063.0
2,7064.6
42,7065.5
54,7068.7
38,7072.8
51,7131.0
25,7131.8
37,7132.6
16,7133.1
56,7134.5
54,7134.8
2,7135.0
52,7136.1
3,7136.5
36,7137.0
62,7137.8
25,7139.4
46,7139.7
55,7140.2
51,7140.2
61,7142.5
37,7142.7
17,7143.5
47,7144.2
53,7145.0
32,7145.1
57,7146.1
9,7146.1
34,7146.7
12,7148.7
41,7149.8
61,7154.2
18,7157.5
61,7166.6
12,7176.7
37,7515.2
51,7516.3
54,7516.8
3,7517.3
2,7517.4
25,7517.8
16,7518.2
36,7518.4
52,7518.6
32,7519.1
56,7519.4
39,7519.7
62,7519.8
37,7520.2
17,7520.9
46,7522.5
3,7523.6
25,7523.9
61,7523.9
2,7524.0
55,7524.2
54,7524.3
38,7524.7
51,7524.9
33,7525.6
42,7525.9
47,7525.9
36,7526.0
15,7526.0
40,7527.0
57,7527.3
37,7528.1
56,7528.1
52,7528.2
41,7528.3
16,7528.4
1,7528.5
17,7528.9
18,7529.0
32,7530.2
62,7530.3
7,7530.3
35,7531.3
9,7531.6
5,7532.8
25,7532.8
44,7533.0
61,7533.1
54,7536.0
23,7536.5
45,7537.1
33,7538.9
43,7539.0
49,7539.2
18,7539.5
2,7539.5
51,7540.0
1,7540.8
40,7541.8
39,7546.0
34,7547.0
37,7598.6
2,7602.9
54,7603.1
3,7603.4
36,7604.2
52,7607.5
37,7676.0
25,7679.1
2,7679.3
54,7680.2
3,7680.5
39,7681.1
62,7681.5
51,7681.6
36,7682.3
37,7683.5
52,7684.1
16,7684.5
61,7686.3
17,7691.5
61,7694.4
37,7756.0
51,7757.8
54,7758.4
3,7758.6
2,7758.9
25,7759.1
32,7759.4
16,7760.0
56,7760.2
36,7760.7
52,7761.0
39,7762.0
37,7762.2
62,7762.6
46,7763.5
55,7765.2
38,7765.3
42,7766.7
15,7767.5
61,7767.9
25,7768.0
3,7768.4
17,7769.7
33,7770.0
57,7770.4
2,7770.6
12,7771.4
47,7771.6
54,7774.2
41,7776.2
40,7777.2
61,7779.3
18,7782.6
61,7789.0
12,7790.8
37,8140.2
2,8141.2
51,8141.3
54,8141.8
52,8141.9
3,8142.0
39,8142.4
36,8143.2
16,8143.2
32,8144.0
56,8144.4
22,8144.7
37,8145.2
17,8145.4
2,8146.9
46,8147.6
12,8148.0
3,8148.1
38,8148.8
54,8148.9
52,8149.0
51,8149.1
36,8149.8
5,8149.9
57,8150.0
39,8150.5
40,8150.6
42,8150.6
47,8150.8
33,8150.9
41,8151.4
18,8152.8
37,8152.9
16,8153.0
56,8153.1
2,8153.5
32,8153.8
25,8153.9
35,8154.5
1,8154.9
61,8155.0
9,8155.0
22,8155.3
62,8155.9
17,8156.5
5,8156.6
3,8156.7
12,8156.8
44,8157.3
54,8158.6
52,8159.6
0,8159.8
7,8159.8
55,8160.5
23,8162.0
43,8163.1
49,8163.9
21,8164.1
40,8166.4
14,8166.5
27,8166.7
61,8168.2
45,8168.2
20,8169.8
53,8177.5
37,8222.6
2,8224.2
39,8224.3
52,8225.7
54,8227.0
36,8227.6
37,8301.0
2,8302.2
51,8303.4
39,8303.8
52,8303.8
3,8303.9
54,8304.6
36,8306.1
16,8308.0
22,8308.2
37,8308.6
32,8309.2
2,8311.0
46,8314.1
17,8314.9
39,8315.9
52,8318.1
56,8319.3
61,8322.8
5,8324.3
37,8381.0
51,8382.2
3,8382.8
2,8382.9
54,8383.1
52,8383.9
16,8384.6
36,8384.9
39,8385.1
32,8385.8
56,8387.1
37,8387.2
22,8388.1
12,8388.4
3,8389.5
38,8389.9
2,8390.7
57,8390.8
42,8391.6
33,8392.5
17,8392.9
41,8394.7
47,8395.5
52,8396.1
5,8396.8
54,8398.6
40,8398.8
18,8399.0
12,8402.0
25,8402.2
36,8402.6
61,8403.5
51,8405.8
37,8765.6
39,8766.3
52,8766.8
54,8766.8
3,8767.0
2,8767.6
46,8767.7
12,8767.9
16,8768.2
36,8768.3
57,8768.7
32,8769.0
56,8769.4
22,8769.6
37,8771.0
62,8771.6
39,8772.7
3,8773.0
52,8773.5
38,8773.9
54,8773.9
2,8774.0
5,8774.4
12,8774.7
36,8774.8
40,8775.2
42,8775.8
33,8775.9
41,8776.6
19,8776.7
18,8777.0
51,8777.3
56,8777.4
46,8777.5
57,8777.7
22,8778.3
32,8778.5
35,8778.7
16,8778.7
17,8779.9
0,8780.1
37,8780.4
1,8780.4
25,8780.7
9,8780.8
44,8781.0
61,8781.3
54,8781.8
5,8782.7
3,8783.0
7,8783.1
2,8784.1
14,8784.2
52,8785.2
62,8785.8
55,8786.0
45,8787.4
27,8789.7
40,8789.9
53,8790.4
25,8793.4
5,8793.5
61,8798.5
39,8847.8
37,8851.1
52,8851.3
54,8852.6
36,8853.4
2,8853.9
12,8854.8
39,8858.3
37,8926.7
39,8927.9
52,8928.6
3,8928.6
46,8929.2
2,8929.8
36,8930.1
54,8930.3
57,8931.0
16,8932.3
32,8932.9
22,8933.9
12,8934.1
62,8936.2
37,8937.6
56,8940.0
39,8940.1
52,8941.6
37,9006.8
3,9007.8
39,9008.1
54,9008.2
46,9008.9
52,9008.9
2,9009.2
16,9009.6
36,9009.8
12,9010.0
57,9010.3
32,9010.8
56,9012.0
22,9013.9
37,9014.2
38,9015.1
3,9015.7
42,9016.6
62,9017.8
33,9017.9
41,9020.0
5,9021.1
40,9021.7
18,9021.8
36,9022.1
2,9022.3
54,9023.2
37,9390.7
2,9390.8
39,9391.3
57,9391.3
52,9391.8
3,9392.0
12,9392.2
36,9393.3
42,9393.7
46,9393.8
22,9393.9
35,9393.9
32,9394.1
56,9394.4
33,9395.7
16,9396.1
2,9396.2
37,9396.3
62,9396.7
57,9397.1
39,9397.8
3,9398.0
38,9398.5
52,9398.8
12,9399.0
5,9399.4
54,9399.6
36,9399.7
42,9401.3
19,9401.5
41,9401.9
2,9402.2
56,9402.2
18,9402.3
22,9402.4
0,9402.5
17,9403.8
32,9404.1
46,9404.6
61,9405.1
35,9405.2
25,9405.5
44,9405.6
33,9406.5
37,9406.6
5,9407.3
62,9407.7
54,9408.0
3,9408.4
45,9408.7
14,9409.4
12,9409.6
8,9409.8
7,9409.8
55,9409.9
39,9411.0
52,9411.9
53,9413.3
2,9472.9
39,9474.1
37,9476.5
57,9476.7
52,9477.0
36,9479.0
2,9481.3
42,9482.3
37,9551.7
2,9552.1
57,9552.4
39,9552.5
12,9553.6
52,9553.6
3,9555.2
36,9555.2
35,9555.4
42,9556.3
56,9558.1
46,9558.8
33,9559.3
32,9559.3
22,9560.5
62,9561.0
2,9561.3
37,9561.9
39,9562.8
16,9564.1
38,9565.2
12,9567.1
52,9570.9
0,9574.2
37,9631.9
57,9632.1
2,9632.3
39,9632.9
3,9633.0
52,9634.0
12,9634.5
36,9634.9
35,9635.4
42,9635.6
32,9635.9
46,9636.3
56,9636.4
22,9636.8
33,9638.7
57,9639.8
37,9639.9
16,9640.5
2,9640.6
3,9641.5
62,9643.4
54,9644.3
5,9646.0
41,9646.6
18,9648.0
36,9648.1
