9,121.4
0,122.1
1,122.3
26,123.6
17,124.9
18,125.0
24,125.5
8,125.9
2,127.8
9,129.0
10,129.2
1,129.4
25,130.0
19,130.1
0,130.5
27,130.5
29,131.5
21,132.5
16,132.8
26,133.2
12,134.2
18,134.2
22,134.5
17,136.2
13,136.7
10,136.8
1,137.4
9,138.6
5,138.9
21,139.8
2,140.2
12,140.8
29,141.1
0,141.2
8,141.9
19,142.2
18,143.2
24,144.6
11,145.2
28,145.5
4,146.6
22,146.8
27,146.9
10,147.2
3,148.8
21,149.0
30,149.3
1,150.2
12,150.5
5,151.0
23,151.8
26,152.0
13,153.8
29,154.1
18,154.1
9,156.9
6,159.9
17,160.4
2,166.7
10,167.1
1,167.2
21,167.5
19,168.2
0,169.1
29,169.3
12,171.3
22,171.9
9,191.2
18,192.8
5,195.4
21,202.3
1,206.3
12,210.2
26,211.4
29,213.9
13,217.5
27,224.4
9,224.4
0,226.2
17,226.4
18,227.2
10,229.2
19,231.8
22,236.4
21,244.6
26,251.4
1,253.6
29,255.6
12,260.2
9,272.5
18,280.6
0,287.0
1,287.9
9,289.7
8,290.3
24,290.5
17,293.6
2,293.7
5,295.8
16,297.3
1,297.8
26,297.9
10,298.3
25,298.5
0,298.6
9,301.3
18,303.2
8,304.4
21,308.1
24,308.4
2,310.8
1,316.4
11,317.1
0,335.4
10,336.2
9,345.0
12,349.8
17,352.6
1,354.4
18,383.3
0,385.8
1,403.2
9,403.7
29,409.3
2,435.6
0,477.5
1,486.6
9,664.7
1,665.4
0,665.5
26,666.5
18,667.1
17,667.3
24,667.7
8,668.1
2,669.7
10,671.4
19,671.6
27,671.7
25,672.1
1,672.4
9,672.4
16,673.7
0,673.8
29,674.0
21,674.4
18,674.8
26,675.2
12,675.7
17,676.0
22,676.6
24,677.6
13,677.8
10,677.8
8,677.9
2,677.9
5,678.8
1,680.2
21,680.3
27,681.3
19,681.5
11,681.6
29,682.6
18,682.8
9,682.9
4,683.6
28,684.8
12,684.9
30,687.0
3,687.4
22,687.6
10,687.6
0,688.0
23,688.3
21,688.3
1,688.7
13,688.9
5,689.4
26,690.4
6,692.4
29,692.8
2,693.7
8,694.9
18,695.8
12,697.5
4,700.4
17,700.7
9,701.6
21,701.8
10,704.1
29,705.0
1,709.1
22,710.4
27,723.1
13,725.4
19,725.9
12,729.4
0,730.3
18,730.6
21,734.5
5,734.6
9,735.8
26,740.1
1,742.3
29,752.8
10,757.9
17,758.8
18,765.0
12,766.7
2,767.1
9,767.1
22,772.0
21,772.2
26,774.5
27,778.2
19,778.3
1,781.8
29,787.1
0,791.1
5,807.4
18,815.5
12,818.4
9,819.4
21,824.5
1,829.5
0,831.6
9,832.7
8,833.4
24,834.4
2,834.5
10,834.6
17,835.4
26,835.9
1,836.9
18,839.5
16,840.8
25,841.0
0,842.7
1,843.8
9,844.0
8,845.6
2,847.6
11,848.3
24,850.2
26,850.3
18,852.3
17,852.4
19,853.9
27,854.4
10,858.6
29,875.7
0,879.0
1,881.5
9,881.9
12,917.7
21,923.1
1,923.8
18,928.7
9,930.6
0,931.6
28,934.7
2,935.9
30,936.9
12,937.3
26,938.7
21,966.8
12,981.6
1,986.9
9,1014.1
0,1036.1
9,1288.5
1,1289.2
0,1289.3
26,1290.1
18,1290.6
17,1290.8
24,1291.2
8,1291.4
2,1292.8
19,1294.4
27,1294.4
10,1294.5
25,1295.3
16,1296.1
9,1296.2
1,1296.3
0,1297.6
21,1298.2
18,1298.2
29,1298.4
26,1298.4
12,1298.8
17,1299.0
8,1300.5
24,1300.5
2,1300.6
10,1300.7
22,1301.2
13,1301.3
5,1302.1
19,1302.7
11,1302.8
27,1303.1
21,1303.2
12,1304.6
1,1304.8
4,1305.4
28,1306.3
29,1306.9
9,1307.2
18,1307.3
30,1307.8
3,1308.9
10,1310.6
21,1310.8
23,1310.8
13,1311.9
12,1311.9
22,1312.3
0,1312.6
5,1312.8
26,1313.0
1,1313.1
6,1313.5
2,1316.8
29,1317.4
19,1317.4
8,1317.7
4,1319.7
18,1320.1
17,1320.6
9,1321.4
27,1323.3
12,1325.0
21,1325.9
29,1335.0
10,1335.2
18,1338.6
1,1340.5
22,1342.1
13,1343.3
26,1344.3
24,1351.2
9,1351.9
12,1354.0
21,1356.2
0,1357.0
5,1357.7
29,1357.9
19,1363.3
23,1364.1
22,1364.4
18,1371.2
29,1372.9
1,1377.1
17,1378.3
26,1385.0
12,1387.1
9,1387.3
27,1389.8
21,1391.1
2,1392.7
18,1393.7
19,1395.6
13,1398.2
10,1402.7
0,1423.8
1,1425.1
29,1427.6
17,1429.1
12,1430.1
5,1431.6
18,1436.9
21,1438.3
26,1439.6
9,1440.4
1,1456.1
0,1456.3
9,1457.4
8,1457.5
2,1459.0
24,1459.5
1,1462.4
10,1463.3
16,1464.1
18,1464.3
0,1465.5
17,1466.2
26,1466.6
9,1467.8
19,1468.3
25,1468.8
1,1468.9
8,1469.5
11,1470.3
2,1471.9
27,1475.2
24,1479.4
22,1480.1
10,1481.5
12,1495.3
0,1506.1
1,1509.2
9,1510.2
18,1510.4
21,1515.8
29,1519.6
26,1537.7
9,1548.1
17,1550.0
19,1553.4
18,1553.5
1,1554.8
27,1555.8
26,1561.1
0,1561.2
2,1561.4
9,1603.3
1,1627.3
9,1913.2
1,1913.8
0,1914.0
26,1914.7
18,1915.2
17,1915.4
24,1915.6
8,1915.9
2,1917.3
27,1918.6
19,1918.7
10,1918.9
25,1919.2
16,1920.2
1,1920.9
9,1921.0
0,1922.3
21,1922.5
18,1922.9
12,1923.0
26,1923.0
29,1923.2
17,1923.5
24,1924.7
8,1925.0
2,1925.2
10,1925.2
22,1925.8
13,1925.9
19,1926.8
5,1926.9
11,1926.9
27,1927.0
12,1927.6
21,1927.7
1,1929.1
4,1929.6
28,1929.8
30,1931.1
18,1931.1
29,1931.8
3,1932.6
9,1932.7
23,1934.5
10,1935.2
21,1936.1
22,1936.6
13,1936.8
12,1937.1
6,1937.2
0,1937.9
5,1938.2
27,1938.4
1,1938.5
26,1938.7
19,1938.8
18,1941.3
2,1942.1
8,1942.4
29,1942.6
4,1943.5
25,1944.8
9,1945.0
17,1945.6
21,1949.0
12,1949.2
10,1955.9
18,1958.1
24,1958.3
29,1959.1
22,1963.7
1,1969.3
12,1975.5
13,1975.6
26,1975.9
18,1977.1
19,1978.5
21,1980.5
29,1981.0
9,1981.8
11,1982.9
0,1983.6
5,1985.1
23,1985.4
22,1986.5
12,1987.9
26,1991.2
13,1992.1
18,1992.6
29,1994.8
19,2002.2
17,2003.1
1,2003.2
10,2009.5
9,2012.0
27,2012.1
29,2012.8
18,2015.3
21,2016.4
26,2017.0
2,2021.7
12,2022.3
19,2031.9
22,2044.1
1,2047.8
18,2051.5
13,2053.1
17,2054.0
0,2054.5
9,2061.0
12,2064.1
21,2064.9
5,2065.5
26,2072.6
29,2078.0
1,2080.3
0,2081.1
9,2081.9
8,2082.0
24,2083.4
2,2083.7
10,2085.0
18,2085.2
1,2086.2
16,2087.5
17,2088.6
25,2090.3
26,2090.8
0,2091.3
11,2093.3
1,2093.3
9,2093.7
8,2093.8
2,2096.3
19,2098.2
24,2100.7
10,2104.0
27,2109.2
9,2112.5
18,2113.9
26,2123.9
12,2125.7
1,2129.8
0,2130.6
21,2147.7
9,2162.6
17,2169.9
1,2171.0
18,2175.8
0,2183.6
2,2185.0
1,2231.6
9,2236.5
0,2300.8
9,2537.9
0,2538.6
1,2538.6
26,2539.4
18,2540.0
17,2540.2
24,2540.4
8,2540.4
2,2541.8
27,2543.1
19,2543.2
10,2543.3
25,2543.7
16,2544.6
1,2545.7
9,2545.9
21,2547.2
0,2547.2
18,2547.6
12,2547.6
26,2547.7
29,2548.0
17,2548.3
10,2549.5
2,2549.6
8,2549.6
24,2549.7
13,2550.5
22,2550.6
27,2550.9
19,2551.1
11,2551.5
5,2551.5
21,2552.4
12,2552.6
4,2553.9
1,2554.0
28,2554.4
30,2555.9
25,2556.0
3,2556.3
18,2556.4
29,2556.8
9,2558.0
23,2559.1
10,2559.5
22,2559.9
21,2560.4
6,2561.0
13,2561.5
12,2561.6
5,2562.9
0,2563.3
27,2563.5
1,2563.6
19,2564.5
26,2564.9
18,2565.7
2,2566.7
4,2567.3
8,2567.7
29,2567.8
21,2569.0
9,2569.8
17,2572.1
22,2572.4
12,2573.1
3,2576.4
10,2579.0
24,2582.9
29,2585.2
18,2585.9
1,2594.8
21,2601.3
9,2609.0
12,2609.7
0,2610.7
5,2611.0
29,2611.9
13,2613.2
22,2615.4
26,2616.3
23,2619.2
29,2623.9
18,2626.3
19,2629.1
1,2629.1
17,2629.4
10,2633.4
27,2635.3
9,2635.5
21,2636.3
26,2639.8
29,2641.7
2,2647.5
18,2647.6
12,2651.8
22,2654.4
19,2666.0
17,2673.1
1,2675.1
9,2683.0
21,2683.9
0,2687.7
5,2694.6
1,2704.6
18,2704.8
0,2705.4
8,2706.0
9,2706.2
24,2707.4
2,2707.9
26,2708.8
10,2709.4
1,2710.3
16,2711.2
29,2711.7
17,2712.4
25,2713.5
12,2714.5
0,2715.7
18,2715.9
9,2716.7
1,2717.7
8,2717.9
13,2719.3
2,2720.5
11,2720.6
24,2723.9
10,2727.8
9,2729.9
26,2731.0
17,2733.4
27,2735.0
1,2735.4
18,2735.8
19,2736.5
0,2737.0
21,2762.2
9,2779.6
1,2781.3
0,2793.1
12,2801.0
21,2804.3
28,2806.5
30,2808.4
2,2809.9
12,2819.2
21,2823.5
1,2840.6
9,2851.2
0,2901.4
