25,88.3
1,88.7
9,89.0
6,89.3
12,89.9
0,90.2
19,90.3
28,90.3
10,90.4
23,90.4
24,90.5
26,90.6
17,90.7
21,90.7
14,91.0
25,91.4
3,91.5
4,91.9
30,92.6
1,93.4
15,93.5
27,93.5
13,93.7
5,93.7
9,93.9
29,93.9
16,94.3
6,94.5
8,95.0
25,95.4
12,98.1
19,98.3
23,98.4
21,99.1
26,99.6
28,99.8
0,99.9
10,99.9
1,101.4
25,101.7
24,102.3
9,102.6
14,102.9
6,104.4
25,108.0
9,110.1
8,111.0
23,112.8
17,115.0
21,115.3
25,119.4
25,168.0
1,168.4
9,168.7
6,169.0
12,169.5
0,169.9
19,169.9
23,170.0
28,170.0
10,170.1
24,170.2
17,170.3
21,170.3
26,170.3
14,170.7
25,171.0
3,171.1
4,171.4
30,172.2
1,172.8
27,173.0
15,173.1
5,173.3
13,173.3
29,173.4
9,173.4
16,173.9
6,174.0
8,174.3
25,175.0
12,177.5
23,177.6
19,177.8
21,178.2
28,178.8
26,178.9
0,178.9
10,179.2
1,179.9
25,180.5
9,180.9
24,181.5
14,181.7
6,183.3
3,185.1
25,185.4
12,186.0
1,186.2
8,187.3
17,188.1
28,188.3
9,189.7
23,191.7
25,193.2
21,193.7
1,197.6
12,201.0
3,203.6
25,214.7
25,247.9
1,248.3
9,248.6
6,248.8
12,249.5
19,249.8
0,249.8
28,249.9
23,250.0
10,250.0
24,250.1
26,250.2
17,250.3
21,250.3
14,250.6
25,250.9
3,251.1
4,251.4
30,252.1
1,252.8
27,253.0
15,253.0
5,253.1
13,253.2
29,253.3
9,253.4
16,253.8
6,253.9
8,254.3
25,254.7
12,257.3
23,257.3
19,257.6
21,258.0
26,258.8
28,258.9
0,259.0
10,259.0
25,260.0
1,260.2
9,260.5
24,261.4
14,261.5
6,263.2
3,264.5
25,264.7
12,265.5
1,266.2
8,267.1
17,268.1
28,268.5
9,269.3
23,271.3
25,272.2
21,273.7
1,278.5
12,281.4
3,281.8
25,291.5
21,317.1
23,318.9
21,342.7
25,633.2
1,633.6
9,633.8
6,634.2
12,634.8
0,635.1
19,635.1
28,635.2
23,635.2
10,635.3
24,635.4
26,635.4
21,635.5
17,635.6
14,635.9
25,636.1
3,636.4
4,636.7
30,637.5
1,638.1
27,638.3
15,638.4
5,638.5
13,638.6
29,638.8
9,638.8
16,639.2
6,639.4
8,639.7
25,640.2
23,642.3
21,642.8
12,643.0
19,643.2
26,644.4
9,644.5
28,644.7
25,644.7
10,644.8
0,644.8
1,645.6
24,647.0
14,647.8
3,648.2
17,648.5
6,649.2
25,649.9
1,649.9
4,650.1
12,650.2
27,651.9
16,653.0
9,654.4
10,655.0
28,655.6
1,656.6
8,657.4
23,658.0
25,659.2
17,659.2
24,661.5
21,662.0
4,665.0
12,666.9
3,667.6
1,673.7
25,712.9
1,713.4
9,713.6
6,713.9
12,714.5
0,714.8
10,714.9
28,714.9
19,714.9
23,714.9
24,715.1
26,715.2
17,715.2
21,715.2
14,715.6
25,715.9
3,716.1
4,716.3
30,717.1
1,717.8
27,717.9
15,718.0
5,718.0
29,718.3
13,718.3
9,718.5
16,718.7
6,718.9
8,719.2
25,719.9
23,721.8
21,722.3
12,722.5
19,722.6
26,723.7
28,723.7
10,723.8
1,723.8
9,723.9
0,723.9
25,724.0
24,725.3
17,725.5
3,726.1
14,726.5
4,726.8
6,727.9
1,728.4
27,729.1
25,729.3
12,730.0
16,730.7
9,733.5
10,735.4
28,735.6
1,736.0
23,736.6
17,737.0
25,739.1
8,739.2
21,741.2
24,743.7
3,745.4
4,749.2
1,768.6
25,792.9
1,793.3
9,793.6
6,793.8
12,794.5
0,794.8
19,794.8
28,794.9
10,794.9
23,795.0
24,795.1
26,795.1
17,795.2
21,795.3
14,795.6
25,795.8
3,796.1
4,796.3
30,797.1
1,797.8
27,797.9
15,798.0
5,798.1
29,798.2
13,798.2
9,798.3
16,798.7
6,798.9
8,799.2
25,799.6
23,801.9
12,802.3
21,802.5
19,802.6
28,803.3
1,803.5
25,803.6
10,803.7
9,803.7
26,803.8
0,803.8
24,804.9
17,805.0
3,805.6
4,806.4
14,806.5
6,808.2
1,808.3
27,808.7
25,808.9
12,809.8
16,810.5
9,813.6
28,815.3
1,816.2
10,816.3
23,816.6
17,816.6
25,818.3
21,821.1
24,822.7
8,824.3
3,825.2
4,835.8
21,859.3
23,861.2
25,872.7
1,873.3
9,873.6
6,873.8
21,874.3
12,874.5
0,874.7
19,874.7
28,874.8
10,874.9
23,874.9
26,875.0
24,875.1
17,875.2
14,875.5
25,875.7
3,876.1
4,876.3
30,877.0
1,877.8
27,877.9
15,877.9
5,878.0
13,878.1
29,878.3
9,878.3
16,878.7
6,878.8
8,879.3
25,879.5
12,882.1
19,882.5
1,883.0
28,883.1
25,883.3
10,883.3
26,883.6
23,883.8
0,883.9
9,884.0
17,884.4
24,884.5
3,885.1
4,885.9
21,886.3
14,886.6
1,887.8
6,887.8
25,888.4
27,888.4
12,890.3
16,890.5
9,893.3
8,895.2
25,895.9
1,896.0
17,896.1
28,896.3
10,896.6
24,897.0
0,898.3
26,899.1
9,901.5
25,905.1
3,906.9
25,945.0
25,1258.1
1,1258.5
9,1258.8
6,1259.1
12,1259.7
0,1260.0
19,1260.0
28,1260.1
23,1260.2
10,1260.2
26,1260.3
24,1260.3
21,1260.5
17,1260.5
14,1260.8
25,1261.2
3,1261.3
4,1261.6
30,1262.4
1,1263.0
27,1263.2
15,1263.3
5,1263.4
13,1263.5
9,1263.6
29,1263.7
16,1264.1
6,1264.3
8,1264.7
25,1265.2
23,1267.1
12,1267.3
21,1267.7
1,1267.8
19,1268.1
28,1268.3
10,1268.4
17,1269.0
25,1269.2
26,1269.3
24,1269.3
9,1269.3
0,1269.7
3,1269.9
4,1270.7
14,1272.7
1,1272.7
27,1273.6
6,1274.1
25,1275.0
12,1276.0
16,1276.4
9,1279.4
1,1281.2
17,1281.8
28,1282.2
23,1283.0
10,1283.0
25,1286.3
8,1288.4
21,1289.2
4,1289.5
3,1294.0
24,1294.3
25,1337.9
1,1338.3
9,1338.6
6,1338.9
12,1339.4
0,1339.8
19,1339.8
23,1339.9
28,1339.9
10,1339.9
24,1340.0
26,1340.1
17,1340.1
21,1340.2
14,1340.6
25,1340.9
3,1341.0
4,1341.2
30,1342.1
1,1342.7
27,1342.8
15,1342.9
5,1343.1
13,1343.2
29,1343.2
9,1343.3
16,1343.7
6,1343.9
8,1344.2
25,1344.8
12,1346.6
23,1346.7
1,1347.0
21,1347.3
28,1347.5
19,1347.7
10,1347.7
17,1348.1
24,1348.5
25,1348.7
0,1348.8
26,1348.8
9,1348.8
3,1349.1
4,1349.7
14,1351.5
1,1351.9
27,1353.0
6,1353.2
25,1353.5
9,1354.9
12,1355.5
24,1356.1
16,1356.5
0,1357.8
26,1358.3
25,1360.3
1,1360.4
17,1360.5
28,1361.1
23,1361.4
10,1361.6
9,1365.7
21,1370.0
25,1374.7
25,1417.8
1,1418.3
9,1418.5
6,1418.8
12,1419.4
19,1419.7
0,1419.7
10,1419.8
28,1419.8
23,1419.9
26,1420.0
24,1420.0
17,1420.1
21,1420.2
14,1420.5
25,1420.8
3,1421.0
4,1421.2
30,1422.0
1,1422.7
27,1422.8
15,1422.8
5,1422.9
29,1423.2
13,1423.2
9,1423.3
16,1423.6
6,1423.8
8,1424.2
25,1424.7
23,1426.5
12,1426.5
1,1426.8
21,1427.1
28,1427.4
19,1427.4
10,1427.5
17,1428.0
24,1428.2
25,1428.5
0,1428.6
26,1428.6
9,1428.7
3,1429.0
4,1429.5
14,1431.6
1,1431.8
6,1432.8
25,1433.0
27,1433.1
9,1434.6
12,1435.4
24,1435.6
16,1436.8
0,1437.6
26,1438.3
25,1439.7
1,1440.6
17,1440.7
23,1441.5
10,1441.6
28,1441.6
9,1446.3
21,1451.7
25,1454.0
21,1485.9
23,1487.7
25,1497.8
1,1498.2
9,1498.5
6,1498.7
12,1499.4
21,1499.6
0,1499.7
19,1499.7
28,1499.8
10,1499.8
26,1500.0
23,1500.0
24,1500.0
17,1500.1
14,1500.5
25,1500.8
3,1501.0
4,1501.2
30,1502.0
1,1502.7
27,1502.8
15,1502.8
13,1503.0
5,1503.0
29,1503.2
9,1503.3
16,1503.6
6,1503.8
8,1504.1
25,1504.6
12,1506.3
1,1506.8
28,1507.1
19,1507.3
10,1507.4
17,1507.8
24,1508.1
25,1508.6
0,1508.6
26,1508.6
23,1508.7
9,1508.8
3,1508.9
4,1509.4
14,1511.4
1,1511.8
21,1512.1
6,1513.1
27,1513.2
25,1513.2
9,1514.9
12,1515.0
24,1515.5
16,1517.4
0,1518.5
26,1519.0
1,1520.6
25,1520.6
17,1520.7
28,1520.9
10,1521.9
9,1528.5
25,1537.6
25,1883.1
1,1883.5
9,1883.8
6,1884.0
12,1884.7
19,1885.0
0,1885.0
23,1885.1
28,1885.1
10,1885.1
26,1885.3
24,1885.3
21,1885.4
17,1885.5
14,1885.8
25,1886.1
3,1886.3
4,1886.6
30,1887.3
1,1888.0
15,1888.2
27,1888.3
5,1888.3
13,1888.5
9,1888.7
29,1888.7
16,1889.1
6,1889.3
8,1889.5
25,1889.9
23,1891.8
12,1892.0
21,1892.4
1,1892.4
19,1892.9
28,1893.0
10,1893.2
17,1893.6
25,1893.8
24,1893.9
26,1894.2
9,1894.3
0,1894.5
3,1894.6
4,1895.3
14,1897.4
1,1897.5
27,1898.6
25,1899.0
6,1899.4
9,1900.9
12,1901.1
24,1901.8
16,1902.1
0,1903.7
26,1904.1
25,1906.0
17,1906.4
1,1906.5
28,1907.3
10,1908.1
23,1909.3
9,1913.6
4,1914.6
25,1923.1
25,1962.8
1,1963.3
9,1963.5
6,1963.8
12,1964.4
0,1964.7
19,1964.8
10,1964.8
23,1964.8
28,1964.8
26,1965.0
24,1965.0
21,1965.1
17,1965.2
14,1965.5
25,1965.8
3,1966.0
4,1966.2
30,1967.0
15,1967.7
1,1967.7
27,1967.8
5,1968.0
9,1968.2
13,1968.2
29,1968.3
16,1968.7
6,1968.8
8,1969.0
25,1969.5
23,1971.4
12,1971.5
1,1971.8
21,1972.0
28,1972.4
10,1972.4
19,1972.5
17,1972.8
24,1973.1
0,1973.5
25,1973.5
9,1973.6
26,1973.6
3,1974.0
4,1974.4
14,1976.2
1,1976.7
6,1977.8
27,1978.1
25,1978.2
9,1979.8
12,1980.3
24,1980.7
16,1982.2
0,1983.8
26,1984.3
1,1985.6
17,1985.8
25,1985.9
28,1986.4
10,1986.8
23,1987.3
9,1994.8
25,2005.0
25,2042.8
1,2043.2
9,2043.5
6,2043.7
12,2044.3
0,2044.7
19,2044.7
23,2044.8
28,2044.8
10,2044.8
24,2045.0
26,2045.0
21,2045.1
17,2045.2
14,2045.4
25,2045.7
3,2045.9
4,2046.2
30,2046.9
1,2047.6
15,2047.7
27,2047.8
5,2047.9
29,2048.1
13,2048.1
9,2048.2
16,2048.6
6,2048.9
8,2048.9
25,2049.2
12,2051.3
23,2051.4
1,2051.6
21,2052.0
28,2052.2
19,2052.3
10,2052.3
17,2052.7
24,2053.0
25,2053.1
0,2053.4
26,2053.6
9,2053.6
3,2053.8
4,2054.5
14,2056.5
1,2056.7
25,2057.7
6,2058.1
27,2058.2
9,2060.0
12,2060.3
24,2060.9
16,2062.7
0,2064.3
26,2064.7
25,2064.8
1,2065.5
28,2065.9
17,2066.0
23,2066.5
10,2067.2
9,2075.7
21,2078.4
25,2081.5
21,2112.3
23,2114.1
25,2122.8
1,2123.2
9,2123.4
6,2123.7
12,2124.4
0,2124.6
19,2124.6
28,2124.7
21,2124.8
10,2124.8
26,2125.0
23,2125.0
24,2125.0
17,2125.1
14,2125.4
25,2125.7
3,2126.0
4,2126.2
30,2126.9
15,2127.7
1,2127.7
27,2127.8
5,2127.9
13,2128.0
29,2128.2
9,2128.2
16,2128.6
6,2128.7
8,2128.9
25,2129.2
12,2131.1
1,2131.6
28,2132.1
10,2132.2
19,2132.4
17,2132.6
24,2132.9
25,2133.0
26,2133.3
0,2133.4
9,2133.5
3,2133.8
23,2134.0
4,2134.4
14,2136.5
1,2136.8
25,2137.5
6,2137.7
21,2138.0
27,2138.3
12,2140.1
9,2140.3
24,2140.8
16,2143.3
0,2144.7
25,2144.7
26,2144.9
17,2145.7
1,2145.9
28,2146.2
10,2146.9
9,2158.3
25,2161.4
25,2508.0
1,2508.4
9,2508.7
6,2509.0
12,2509.6
0,2509.9
19,2509.9
28,2510.0
10,2510.1
23,2510.1
24,2510.2
26,2510.3
17,2510.4
21,2510.4
14,2510.7
25,2511.1
3,2511.2
4,2511.5
30,2512.3
1,2512.9
27,2513.2
15,2513.2
5,2513.3
13,2513.4
9,2513.6
29,2513.6
16,2514.0
6,2514.2
8,2514.5
25,2514.9
12,2516.5
23,2516.8
1,2516.8
21,2517.4
10,2517.5
28,2517.5
17,2517.8
19,2518.0
24,2518.2
9,2518.8
25,2518.8
0,2518.9
26,2519.0
3,2519.1
4,2519.8
1,2522.1
14,2522.6
25,2523.8
6,2524.0
27,2524.0
9,2525.6
12,2525.8
24,2526.5
16,2530.5
1,2531.3
0,2531.5
17,2531.6
28,2531.9
26,2532.0
25,2532.1
10,2533.0
23,2533.8
4,2539.7
21,2543.7
9,2545.2
25,2571.2
25,2587.8
1,2588.2
9,2588.5
6,2588.8
12,2589.3
0,2589.7
19,2589.7
23,2589.8
10,2589.8
28,2589.8
24,2589.9
26,2590.0
21,2590.1
17,2590.1
14,2590.5
25,2590.8
3,2590.9
4,2591.1
30,2591.9
1,2592.6
15,2592.7
27,2592.8
5,2593.0
29,2593.1
13,2593.1
9,2593.2
16,2593.6
6,2593.8
8,2594.0
25,2594.5
12,2596.0
23,2596.3
1,2596.7
28,2596.9
21,2597.0
19,2597.5
10,2597.6
0,2597.8
24,2597.8
26,2597.9
25,2598.0
17,2598.1
9,2598.1
3,2598.6
4,2599.6
14,2601.2
1,2601.7
25,2602.9
27,2602.9
6,2603.1
9,2604.7
12,2605.0
16,2606.3
24,2606.3
0,2609.9
26,2610.2
1,2610.5
17,2610.6
25,2610.8
28,2611.2
10,2611.5
23,2612.4
9,2622.9
25,2632.1
25,2667.7
1,2668.2
9,2668.4
6,2668.7
12,2669.3
0,2669.6
19,2669.6
28,2669.7
23,2669.8
10,2669.8
26,2669.9
24,2669.9
17,2670.1
21,2670.1
14,2670.4
25,2670.7
3,2670.9
4,2671.1
30,2671.9
1,2672.6
27,2672.7
15,2672.7
5,2672.9
13,2673.1
9,2673.2
29,2673.2
16,2673.5
6,2673.7
8,2674.0
25,2674.3
12,2675.9
1,2676.3
23,2676.3
28,2676.9
10,2676.9
21,2677.0
24,2677.2
17,2677.2
19,2677.4
0,2677.6
26,2677.9
25,2677.9
9,2678.1
3,2678.5
4,2679.1
1,2681.5
14,2681.5
6,2682.7
25,2682.8
27,2683.8
9,2684.8
12,2685.2
24,2685.8
0,2689.9
25,2690.7
26,2690.8
1,2690.9
16,2691.0
17,2691.1
28,2691.3
10,2692.0
23,2692.3
9,2703.9
25,2711.4
21,2743.4
23,2745.3
25,2747.7
1,2748.2
9,2748.4
6,2748.7
12,2749.3
19,2749.6
0,2749.6
28,2749.7
10,2749.8
24,2749.9
26,2749.9
17,2750.1
14,2750.4
25,2750.7
3,2750.9
4,2751.1
23,2751.7
30,2751.9
21,2752.0
1,2752.6
15,2752.7
27,2752.7
5,2752.8
13,2753.0
29,2753.2
9,2753.2
16,2753.5
6,2753.7
8,2753.9
25,2754.3
12,2755.8
1,2756.3
28,2756.8
10,2756.8
17,2757.1
24,2757.1
19,2757.4
0,2757.5
26,2757.8
25,2757.8
9,2758.0
3,2758.5
4,2759.1
1,2761.5
14,2761.5
23,2761.5
25,2762.5
6,2762.7
27,2763.9
9,2765.0
12,2765.1
24,2765.9
21,2766.6
0,2769.6
25,2770.5
26,2771.0
28,2771.3
1,2771.3
17,2771.4
16,2771.7
10,2772.3
9,2786.5
25,2791.0
25,3133.0
1,3133.4
9,3133.7
6,3134.0
12,3134.7
0,3135.0
19,3135.0
10,3135.1
23,3135.2
28,3135.2
26,3135.3
24,3135.3
17,3135.6
21,3135.7
14,3135.8
25,3136.0
3,3136.5
4,3136.9
30,3137.5
1,3138.1
9,3138.5
15,3138.6
5,3138.8
27,3138.9
6,3139.2
13,3139.3
29,3139.4
25,3139.5
8,3140.0
16,3140.0
12,3141.5
1,3141.9
23,3142.0
28,3142.6
10,3142.7
17,3142.9
21,3142.9
24,3143.1
25,3143.2
19,3143.4
9,3143.6
0,3143.7
26,3143.9
3,3144.6
4,3145.2
1,3147.5
25,3148.0
14,3149.8
6,3150.1
9,3151.1
12,3151.7
24,3152.8
27,3154.0
25,3156.7
1,3158.4
0,3161.1
17,3164.3
28,3164.7
26,3165.0
25,3212.8
1,3213.2
9,3213.5
6,3213.8
12,3214.5
0,3214.7
19,3214.8
23,3214.9
28,3214.9
10,3214.9
24,3215.1
26,3215.1
21,3215.3
17,3215.3
14,3215.6
25,3215.7
3,3216.3
4,3216.4
30,3217.2
1,3217.8
9,3218.2
15,3218.4
5,3218.4
27,3218.5
6,3218.9
13,3219.0
29,3219.0
25,3219.1
16,3219.6
8,3219.6
12,3221.0
1,3221.5
23,3221.7
28,3222.0
10,3222.2
17,3222.3
21,3222.4
24,3222.4
25,3222.6
0,3222.7
19,3222.8
26,3223.0
9,3223.0
3,3224.1
4,3224.5
1,3226.9
25,3227.4
14,3228.5
6,3228.7
9,3230.3
12,3230.4
24,3232.0
27,3232.9
1,3233.2
19,3233.7
29,3235.0
13,3235.1
25,3235.6
6,3237.4
0,3237.9
14,3239.8
26,3239.8
28,3240.7
17,3241.1
12,3242.5
1,3247.1
10,3253.9
25,3292.8
1,3293.2
9,3293.5
6,3293.7
12,3294.4
0,3294.7
19,3294.7
28,3294.8
23,3294.9
10,3294.9
26,3295.1
24,3295.1
17,3295.3
21,3295.4
14,3295.6
25,3295.7
3,3296.2
4,3296.4
30,3297.1
1,3297.8
15,3298.2
9,3298.2
5,3298.4
27,3298.5
29,3298.7
6,3298.9
13,3298.9
25,3299.0
8,3299.6
16,3299.6
12,3301.0
23,3301.5
1,3301.5
28,3302.0
10,3302.2
17,3302.3
24,3302.3
21,3302.5
25,3302.6
19,3302.7
0,3302.8
9,3303.0
26,3303.1
3,3304.1
4,3304.5
1,3306.9
25,3307.3
14,3307.9
6,3308.6
9,3310.2
12,3310.5
24,3311.9
27,3312.9
1,3313.7
19,3314.6
25,3315.6
29,3315.8
13,3316.2
6,3316.6
0,3317.6
14,3317.8
26,3320.4
28,3320.7
12,3321.4
17,3321.6
1,3326.8
10,3331.7
25,3372.8
1,3373.2
9,3373.5
6,3373.7
12,3374.4
0,3374.7
19,3374.7
28,3374.8
10,3374.9
23,3374.9
26,3375.1
24,3375.1
17,3375.3
14,3375.5
21,3375.5
25,3375.7
3,3376.2
4,3376.5
30,3377.1
1,3377.8
15,3378.2
9,3378.2
5,3378.3
27,3378.5
6,3378.7
29,3378.7
13,3378.9
25,3379.1
16,3379.5
8,3379.9
12,3380.9
1,3381.5
28,3381.9
23,3382.0
10,3382.1
17,3382.3
24,3382.3
25,3382.6
21,3382.7
0,3382.7
19,3382.8
9,3383.0
26,3383.0
3,3384.1
4,3384.6
1,3386.9
25,3387.5
14,3388.0
6,3388.4
9,3390.1
12,3390.6
24,3391.8
27,3393.4
25,3395.6
1,3398.0
0,3398.2
28,3400.9
26,3401.3
17,3401.6
21,3438.8
23,3441.1
25,3758.3
1,3758.5
6,3758.6
9,3759.5
12,3759.7
19,3760.0
23,3760.2
10,3760.2
28,3760.2
17,3760.6
21,3760.7
14,3760.9
3,3761.6
25,3761.8
4,3761.9
30,3762.5
26,3762.5
6,3762.7
1,3763.1
0,3763.3
15,3763.6
5,3763.9
27,3764.0
31,3764.2
13,3764.4
29,3764.5
24,3764.7
8,3765.1
16,3765.1
25,3765.5
9,3765.5
12,3766.5
1,3767.0
22,3767.0
23,3767.0
28,3767.6
10,3767.7
21,3767.9
17,3768.0
19,3768.3
6,3769.2
3,3769.5
4,3770.3
25,3770.5
1,3772.5
14,3774.8
9,3775.4
12,3776.7
27,3778.8
25,3779.6
1,3783.2
6,3789.0
17,3793.6
10,3796.7
25,3838.0
1,3838.2
6,3838.3
9,3839.2
12,3839.5
19,3839.8
28,3839.9
10,3839.9
23,3839.9
17,3840.3
21,3840.3
14,3840.6
3,3841.2
4,3841.5
25,3841.5
26,3842.1
30,3842.2
6,3842.4
1,3842.8
0,3843.0
15,3843.2
5,3843.4
27,3843.6
31,3843.7
29,3844.0
13,3844.0
24,3844.1
16,3844.6
8,3844.6
9,3845.0
25,3845.2
12,3846.0
22,3846.4
1,3846.5
23,3846.7
28,3847.0
10,3847.2
17,3847.3
21,3847.4
19,3847.8
6,3848.9
3,3849.1
4,3849.7
25,3850.1
1,3851.9
14,3853.5
9,3854.6
12,3855.4
6,3857.3
1,3858.2
19,3858.7
25,3858.8
27,3858.9
29,3860.0
13,3860.1
14,3864.8
17,3867.4
28,3867.4
12,3867.7
10,3868.1
6,3870.7
1,3871.1
25,3918.0
1,3918.2
6,3918.3
9,3919.2
12,3919.4
19,3919.7
10,3919.9
28,3919.9
23,3919.9
17,3920.3
21,3920.4
14,3920.6
3,3921.2
25,3921.5
4,3921.5
30,3922.1
6,3922.2
26,3922.2
1,3922.8
0,3923.0
15,3923.1
5,3923.4
27,3923.6
31,3923.6
29,3923.7
13,3923.9
24,3924.1
16,3924.6
8,3924.6
9,3925.0
25,3925.2
12,3926.0
22,3926.2
1,3926.5
23,3926.5
10,3927.0
28,3927.0
17,3927.4
21,3927.5
19,3927.8
6,3928.5
3,3929.1
4,3929.7
25,3930.1
1,3931.9
14,3932.9
9,3934.6
12,3935.5
6,3937.9
25,3938.7
1,3938.7
27,3938.9
19,3939.6
29,3940.8
13,3941.2
14,3942.8
12,3946.7
28,3947.2
10,3947.6
6,3950.6
1,3950.9
17,3951.5
25,3998.0
1,3998.2
6,3998.3
9,3999.2
12,3999.4
19,3999.7
10,3999.9
28,3999.9
23,3999.9
17,4000.3
14,4000.5
21,4000.5
3,4001.2
25,4001.5
4,4001.5
30,4002.1
26,4002.2
6,4002.3
1,4002.8
0,4003.0
15,4003.1
5,4003.4
27,4003.5
31,4003.6
29,4003.7
13,4003.9
24,4004.1
16,4004.5
8,4004.9
25,4005.2
9,4005.3
12,4005.9
22,4006.1
1,4006.5
10,4007.0
23,4007.0
28,4007.0
17,4007.4
21,4007.7
19,4007.8
6,4008.5
3,4009.1
4,4009.7
25,4010.2
1,4011.9
14,4013.0
9,4014.5
12,4015.6
25,4018.8
27,4019.5
1,4023.1
6,4023.6
10,4027.3
28,4027.6
17,4032.5
21,4063.9
23,4066.2
6,4383.3
25,4383.6
9,4384.5
1,4384.5
19,4385.0
28,4385.0
23,4385.2
10,4385.2
17,4385.6
21,4385.7
14,4385.9
6,4386.4
4,4386.9
26,4387.5
30,4387.5
25,4387.8
0,4388.4
15,4388.6
5,4388.9
27,4389.0
31,4389.1
13,4389.4
29,4389.5
12,4389.7
24,4389.8
16,4390.1
8,4390.1
9,4390.5
6,4390.7
1,4391.3
28,4391.4
22,4391.8
23,4392.0
10,4392.7
25,4392.8
21,4392.9
17,4393.0
19,4393.4
4,4395.3
6,4397.6
14,4399.8
1,4400.2
9,4400.4
25,4401.8
27,4403.8
17,4419.0
6,4422.5
6,4463.1
25,4463.4
9,4464.2
1,4464.3
28,4464.7
19,4464.8
23,4464.9
10,4465.0
21,4465.3
17,4465.3
14,4465.7
6,4466.1
4,4466.6
26,4467.2
30,4467.2
25,4467.6
0,4468.1
15,4468.3
5,4468.5
27,4468.6
31,4468.7
29,4469.0
13,4469.0
24,4469.0
12,4469.4
8,4469.6
16,4469.6
9,4470.0
6,4470.4
1,4470.8
28,4470.9
22,4471.4
23,4471.5
10,4472.2
17,4472.3
21,4472.4
25,4472.4
19,4472.9
4,4474.7
6,4477.0
14,4478.7
1,4479.4
9,4479.7
25,4480.9
6,4483.6
19,4483.9
27,4483.9
29,4484.7
13,4485.1
12,4485.5
1,4490.5
14,4490.6
17,4492.5
24,4495.0
6,4497.4
6,4543.0
25,4543.4
9,4544.2
1,4544.3
28,4544.6
19,4544.8
23,4544.9
10,4544.9
17,4545.3
21,4545.4
14,4545.6
6,4546.1
4,4546.6
30,4547.1
26,4547.2
25,4547.4
0,4548.1
15,4548.1
5,4548.5
31,4548.6
27,4548.6
29,4548.8
13,4548.9
24,4549.0
12,4549.3
16,4549.6
8,4549.6
9,4550.0
6,4550.4
1,4550.7
28,4551.0
22,4551.2
23,4551.5
25,4552.1
10,4552.2
17,4552.4
21,4552.5
19,4552.8
4,4554.8
6,4557.0
14,4558.0
1,4559.3
9,4559.6
25,4560.3
27,4563.9
6,4564.0
19,4564.9
29,4565.7
13,4566.2
12,4566.6
14,4568.4
1,4568.6
17,4576.8
6,4577.1
6,4623.0
25,4623.4
9,4624.2
1,4624.3
28,4624.6
19,4624.8
23,4624.9
10,4624.9
17,4625.3
21,4625.5
14,4625.6
6,4626.0
4,4626.6
30,4627.1
26,4627.2
25,4627.4
15,4628.1
0,4628.1
5,4628.4
27,4628.5
31,4628.6
29,4628.8
13,4628.9
24,4629.0
12,4629.3
16,4629.5
8,4629.9
6,4630.1
9,4630.3
1,4630.6
28,4630.8
22,4631.1
23,4632.0
25,4632.0
10,4632.2
17,4632.4
21,4632.7
19,4632.8
4,4634.8
6,4636.4
14,4638.2
1,4639.4
9,4639.5
25,4639.8
27,4644.5
6,4651.5
28,4652.9
17,4657.7
21,4688.9
23,4691.2
6,5008.3
25,5008.6
1,5009.2
9,5009.5
17,5009.6
28,5009.9
19,5010.0
10,5010.2
24,5010.6
14,5010.9
6,5011.4
4,5012.0
30,5012.5
26,5012.5
25,5012.8
0,5013.4
15,5013.6
23,5013.9
5,5013.9
27,5014.0
31,5014.1
13,5014.4
29,5014.5
1,5014.6
12,5014.9
16,5015.1
8,5015.1
9,5015.5
6,5015.7
17,5015.9
28,5016.5
22,5016.8
24,5017.6
10,5017.7
25,5017.8
19,5018.4
4,5020.3
1,5020.5
6,5022.6
17,5024.1
14,5024.8
9,5025.4
25,5026.8
27,5028.8
24,5033.4
1,5034.3
6,5088.1
25,5088.4
1,5088.9
9,5089.2
17,5089.3
28,5089.7
19,5089.8
10,5090.0
24,5090.2
14,5090.6
6,5091.1
4,5091.6
26,5092.1
30,5092.2
25,5092.6
0,5093.0
15,5093.3
23,5093.3
5,5093.4
27,5093.5
31,5093.6
29,5094.0
13,5094.0
1,5094.0
12,5094.4
8,5094.5
16,5094.5
9,5095.2
17,5095.3
6,5095.4
28,5095.9
22,5096.4
24,5097.0
10,5097.2
25,5097.4
19,5097.9
4,5099.7
1,5099.9
6,5102.0
17,5103.2
14,5103.5
9,5105.0
25,5106.0
1,5107.7
27,5107.9
6,5108.6
19,5108.9
29,5109.7
13,5110.1
12,5110.4
24,5111.1
14,5114.3
28,5118.4
6,5123.2
1,5126.9
6,5168.0
25,5168.4
1,5168.8
9,5169.2
17,5169.2
28,5169.6
19,5169.8
10,5169.9
24,5170.2
14,5170.6
6,5171.1
4,5171.6
30,5172.1
26,5172.1
25,5172.6
0,5173.0
23,5173.2
15,5173.2
5,5173.4
27,5173.4
31,5173.5
29,5173.8
13,5173.9
1,5174.0
12,5174.2
16,5174.4
8,5174.4
9,5175.0
17,5175.3
6,5175.4
28,5175.8
22,5176.2
24,5176.9
10,5177.2
25,5177.4
19,5177.8
4,5179.8
1,5179.9
6,5182.0
14,5182.9
17,5183.2
9,5184.7
25,5185.9
27,5187.9
1,5188.4
6,5189.0
19,5189.9
29,5190.7
24,5191.0
13,5191.2
12,5191.4
14,5192.8
28,5195.6
6,5202.8
1,5207.5
6,5248.0
25,5248.4
1,5248.8
9,5249.2
17,5249.2
28,5249.6
19,5249.8
10,5249.9
24,5250.2
14,5250.5
6,5251.0
4,5251.6
26,5252.1
30,5252.1
25,5252.4
0,5253.0
15,5253.2
23,5253.3
27,5253.4
5,5253.4
31,5253.5
29,5253.8
13,5253.9
1,5254.0
12,5254.2
16,5254.4
8,5254.7
6,5255.1
17,5255.2
9,5255.3
28,5255.8
22,5256.1
24,5256.9
25,5257.0
10,5257.2
19,5257.8
4,5259.8
1,5259.9
6,5261.5
14,5263.0
17,5263.3
9,5264.6
25,5264.8
27,5268.4
24,5271.3
1,5273.6
28,5275.5
6,5277.1
6,5633.3
1,5634.1
25,5634.4
24,5634.4
17,5634.5
9,5634.5
28,5634.9
14,5635.9
6,5636.4
4,5637.0
30,5637.5
15,5638.6
5,5638.9
23,5639.0
27,5639.0
24,5639.0
19,5639.1
31,5639.1
13,5639.4
29,5639.5
1,5639.6
12,5639.9
8,5640.1
16,5640.1
10,5640.2
25,5640.3
9,5640.5
6,5640.7
17,5640.9
28,5641.5
22,5641.8
24,5644.7
4,5645.3
1,5645.7
6,5647.6
17,5649.1
25,5649.3
14,5649.7
9,5650.4
27,5653.8
24,5657.9
1,5659.1
6,5713.1
1,5713.9
24,5714.1
25,5714.2
9,5714.2
17,5714.2
28,5714.7
14,5715.6
6,5716.1
4,5716.7
30,5717.2
15,5718.3
23,5718.4
5,5718.4
27,5718.5
31,5718.6
19,5718.7
24,5718.7
29,5718.9
13,5718.9
1,5719.0
12,5719.4
16,5719.4
8,5719.5
10,5719.7
25,5719.8
9,5720.0
17,5720.3
6,5720.4
28,5720.9
22,5721.4
24,5724.3
1,5724.9
4,5724.9
6,5727.0
14,5727.8
17,5728.1
25,5728.7
9,5729.7
1,5732.6
27,5732.9
6,5733.6
29,5734.6
19,5734.8
13,5734.9
12,5735.5
24,5736.4
14,5737.7
28,5744.5
6,5748.2
1,5749.4
6,5793.0
1,5793.8
24,5794.1
17,5794.2
9,5794.2
25,5794.2
28,5794.6
14,5795.6
6,5796.1
4,5796.6
30,5797.0
15,5798.1
23,5798.3
5,5798.4
31,5798.5
27,5798.5
24,5798.5
19,5798.6
29,5798.7
13,5798.7
1,5799.0
12,5799.2
16,5799.3
8,5799.4
10,5799.7
25,5799.8
9,5800.0
17,5800.2
6,5800.4
28,5800.8
22,5801.2
24,5804.2
1,5804.8
4,5804.9
6,5807.0
14,5807.7
17,5807.9
25,5808.4
9,5809.6
27,5812.9
1,5813.3
6,5814.0
29,5815.7
13,5815.9
19,5816.0
24,5816.1
12,5816.5
14,5817.5
28,5821.0
6,5827.8
1,5830.0
6,5873.0
1,5873.8
24,5874.1
9,5874.2
17,5874.2
25,5874.2
28,5874.6
14,5875.5
6,5876.0
4,5876.6
30,5877.0
15,5878.1
5,5878.3
23,5878.3
27,5878.4
24,5878.5
31,5878.5
29,5878.7
19,5878.7
13,5878.7
1,5879.0
12,5879.2
16,5879.3
10,5879.6
8,5879.7
6,5880.1
25,5880.1
17,5880.2
9,5880.3
28,5880.8
22,5881.1
24,5884.2
1,5884.9
4,5884.9
6,5886.5
14,5887.4
17,5888.2
25,5888.6
9,5889.5
27,5893.4
24,5896.2
1,5897.4
28,5901.0
6,5902.1
6,6258.3
1,6259.1
24,6259.4
9,6259.5
17,6259.5
25,6259.5
28,6259.9
10,6260.5
29,6260.5
14,6260.9
6,6261.4
4,6262.0
5,6263.9
24,6264.0
27,6264.0
31,6264.1
19,6264.1
13,6264.4
1,6264.6
12,6264.9
8,6265.1
16,6265.1
25,6265.3
9,6265.5
6,6265.7
17,6265.9
28,6266.5
30,6266.7
22,6266.8
10,6267.3
24,6269.7
29,6269.9
4,6270.3
1,6270.5
6,6272.6
17,6274.1
25,6274.4
14,6274.7
9,6275.4
27,6278.8
24,6283.0
1,6283.3
10,6284.0
6,6338.1
1,6338.9
24,6339.1
25,6339.2
17,6339.2
9,6339.2
28,6339.7
29,6340.2
10,6340.2
14,6340.6
6,6341.1
4,6341.6
24,6343.5
5,6343.5
27,6343.5
31,6343.7
13,6343.7
19,6343.8
1,6344.1
12,6344.4
16,6344.4
8,6344.5
25,6344.8
9,6345.0
17,6345.3
6,6345.4
28,6345.9
30,6345.9
22,6346.0
10,6346.7
29,6349.0
24,6349.2
4,6349.8
1,6349.9
6,6352.0
14,6352.8
17,6353.2
25,6353.7
9,6354.7
1,6357.6
27,6357.9
6,6358.6
29,6359.2
13,6359.7
19,6359.9
12,6360.5
24,6361.2
10,6361.9
14,6363.0
28,6369.7
6,6373.2
1,6374.4
6,6418.0
1,6418.8
24,6419.1
17,6419.2
25,6419.2
9,6419.2
28,6419.6
10,6420.1
29,6420.1
14,6420.6
6,6421.1
4,6421.6
5,6423.4
24,6423.5
27,6423.5
31,6423.6
13,6423.6
19,6423.7
1,6424.0
12,6424.2
16,6424.4
8,6424.4
25,6424.8
9,6425.0
17,6425.3
6,6425.4
30,6425.7
22,6425.8
28,6425.8
10,6426.6
29,6428.5
24,6429.2
4,6429.7
1,6429.9
6,6432.0
14,6432.7
17,6433.1
25,6433.4
9,6434.6
27,6437.9
1,6438.3
6,6439.0
29,6439.9
13,6440.7
19,6441.0
24,6441.2
10,6441.4
12,6441.5
14,6442.5
28,6446.1
6,6452.8
1,6455.0
6,6498.0
1,6498.8
24,6499.1
25,6499.2
9,6499.2
17,6499.2
28,6499.6
29,6500.1
10,6500.1
14,6500.5
6,6501.0
4,6501.6
5,6503.3
27,6503.4
24,6503.5
31,6503.6
13,6503.6
19,6503.7
1,6504.0
12,6504.2
16,6504.3
8,6504.7
25,6505.1
6,6505.1
17,6505.2
9,6505.3
30,6505.7
22,6505.8
28,6505.8
10,6506.6
29,6508.5
24,6509.2
4,6509.8
1,6509.9
6,6511.5
14,6512.4
17,6513.3
25,6513.6
9,6514.5
27,6518.4
10,6520.9
24,6521.2
1,6522.5
28,6526.0
6,6527.1
6,6883.6
24,6884.4
17,6884.5
25,6884.5
9,6884.5
28,6884.6
1,6884.9
4,6885.1
10,6885.4
29,6886.0
30,6886.2
21,6887.0
6,6887.5
19,6888.4
5,6888.9
27,6889.0
24,6889.0
31,6889.1
28,6889.3
18,6889.4
16,6890.1
8,6890.1
25,6890.3
9,6890.5
17,6890.9
1,6891.3
4,6891.4
14,6891.6
22,6891.8
10,6892.2
6,6893.2
24,6894.7
30,6895.5
29,6896.3
28,6898.0
17,6899.1
25,6899.4
1,6900.2
9,6900.4
4,6900.6
27,6903.8
6,6906.1
24,6906.6
10,6908.3
6,6963.4
24,6964.1
25,6964.2
9,6964.2
28,6964.3
17,6964.3
1,6964.6
4,6964.8
10,6965.1
29,6965.7
30,6965.9
21,6966.6
6,6967.2
19,6968.0
24,6968.5
5,6968.5
27,6968.5
31,6968.7
18,6968.9
28,6969.1
16,6969.4
8,6969.5
25,6969.8
9,6970.0
17,6970.3
1,6970.7
4,6970.8
14,6971.1
22,6971.3
10,6971.8
6,6972.7
24,6974.2
30,6974.8
29,6975.6
28,6977.3
17,6978.2
25,6978.7
1,6979.3
4,6979.6
9,6979.6
27,6982.9
6,6984.0
24,6985.5
10,6987.0
6,7043.3
24,7044.0
17,7044.2
25,7044.2
9,7044.2
28,7044.2
1,7044.6
4,7044.7
10,7045.1
29,7045.7
30,7045.8
21,7046.5
6,7047.1
19,7047.9
5,7048.4
24,7048.5
27,7048.5
31,7048.6
18,7048.8
28,7048.9
16,7049.4
8,7049.4
25,7049.8
9,7050.0
17,7050.3
4,7050.7
1,7050.7
14,7051.0
22,7051.2
10,7051.6
6,7052.6
24,7054.1
30,7054.6
29,7055.3
28,7057.1
17,7058.2
25,7058.4
1,7059.2
4,7059.4
9,7059.6
27,7062.9
6,7063.8
24,7065.6
10,7066.4
6,7123.3
24,7124.0
25,7124.2
9,7124.2
17,7124.2
28,7124.2
1,7124.6
4,7124.7
10,7125.1
29,7125.7
30,7125.8
21,7126.5
6,7127.1
19,7127.9
5,7128.3
27,7128.4
24,7128.5
31,7128.6
18,7128.8
28,7128.9
16,7129.3
8,7129.7
25,7130.1
17,7130.2
9,7130.3
1,7130.7
4,7130.7
14,7130.9
22,7131.1
10,7131.6
6,7132.6
24,7134.2
30,7134.5
29,7135.3
28,7137.1
17,7138.3
25,7138.6
1,7139.1
4,7139.5
9,7139.5
27,7143.4
6,7143.8
24,7145.7
10,7145.9
6,7508.7
24,7509.4
17,7509.5
1,7509.9
4,7510.0
10,7510.4
28,7510.6
29,7511.0
30,7511.1
21,7511.9
25,7512.1
9,7512.2
6,7512.5
19,7513.3
5,7513.9
27,7514.0
24,7514.0
31,7514.1
18,7514.3
16,7515.1
8,7515.1
17,7515.9
4,7516.3
1,7516.3
14,7516.7
22,7516.8
10,7517.2
6,7518.1
28,7518.2
24,7519.7
30,7520.6
29,7521.1
25,7521.3
9,7521.7
17,7524.1
6,7525.1
1,7525.2
4,7525.4
27,7528.8
24,7531.7
10,7533.3
6,7588.5
24,7589.1
17,7589.3
1,7589.6
4,7589.8
10,7590.1
28,7590.4
29,7590.7
30,7590.9
21,7591.6
9,7591.8
25,7591.8
6,7592.2
19,7593.0
27,7593.4
5,7593.5
24,7593.5
31,7593.8
18,7593.9
8,7594.5
16,7594.5
17,7595.3
4,7595.8
1,7595.8
14,7596.3
22,7596.4
10,7596.8
6,7597.1
28,7597.7
24,7599.2
30,7599.7
29,7600.6
25,7601.0
9,7601.4
17,7603.2
6,7603.9
1,7604.3
4,7604.6
27,7607.1
24,7610.6
10,7612.0
6,7668.4
24,7669.0
17,7669.3
1,7669.6
4,7669.7
10,7670.1
28,7670.3
29,7670.7
30,7670.8
21,7671.5
25,7671.8
9,7671.8
6,7672.1
19,7672.9
27,7673.3
24,7673.5
5,7673.5
31,7673.6
18,7673.8
8,7674.4
16,7674.5
17,7675.3
1,7675.7
4,7675.8
14,7676.2
22,7676.2
10,7676.6
6,7677.0
28,7677.6
24,7679.2
30,7679.5
29,7680.3
25,7681.0
9,7681.4
17,7683.2
6,7683.8
1,7684.3
4,7684.9
27,7687.0
24,7690.6
10,7691.4
6,7713.3
6,7744.3
6,7749.0
24,7749.0
17,7749.2
1,7749.6
4,7749.7
10,7750.1
28,7750.3
29,7750.7
30,7750.8
21,7751.5
25,7751.8
9,7751.8
6,7752.6
19,7752.9
27,7753.3
5,7753.4
24,7753.5
31,7753.6
18,7753.8
16,7754.4
8,7754.7
17,7755.2
4,7755.7
1,7755.7
14,7756.1
22,7756.1
10,7756.6
28,7757.6
6,7757.8
24,7759.2
30,7759.5
29,7760.3
25,7760.5
9,7760.8
17,7763.3
1,7764.1
4,7764.5
27,7767.4
6,7768.1
24,7770.7
10,7770.9
6,8133.7
29,8134.8
24,8135.1
5,8135.4
28,8135.6
30,8136.1
21,8136.9
25,8137.1
9,8137.2
10,8137.4
6,8137.5
13,8137.5
4,8138.1
19,8138.3
31,8139.1
18,8139.3
17,8139.8
29,8139.9
8,8140.1
20,8140.1
1,8140.6
24,8141.3
14,8141.8
22,8141.8
6,8142.8
28,8143.2
5,8144.2
30,8145.6
25,8146.6
9,8147.0
29,8149.9
6,8150.1
24,8159.1
6,8213.5
29,8214.6
24,8214.8
5,8215.1
28,8215.4
30,8215.9
21,8216.6
25,8216.8
9,8216.9
10,8217.1
13,8217.1
6,8217.2
4,8217.8
19,8218.0
31,8218.8
18,8218.9
17,8219.3
20,8219.4
29,8219.6
8,8219.6
1,8220.2
24,8220.8
14,8221.3
22,8221.4
6,8222.1
28,8222.8
5,8223.7
30,8224.7
25,8226.3
9,8226.4
6,8229.0
29,8229.1
24,8236.1
6,8249.4
6,8293.4
29,8294.5
24,8294.8
5,8295.0
28,8295.3
30,8295.8
21,8296.5
25,8296.8
9,8296.8
6,8297.0
13,8297.0
10,8297.1
4,8297.7
19,8297.9
31,8298.7
18,8298.7
20,8299.2
17,8299.3
29,8299.5
8,8299.6
1,8300.2
24,8300.7
22,8301.2
14,8301.3
6,8302.3
28,8302.6
5,8303.5
30,8304.5
25,8306.0
9,8306.4
29,8308.9
6,8309.0
24,8315.9
6,8327.1
6,8363.1
6,8373.4
29,8374.5
24,8374.8
5,8375.0
28,8375.3
30,8375.8
21,8376.5
25,8376.8
9,8376.8
13,8376.9
6,8377.1
10,8377.1
4,8377.7
19,8377.9
31,8378.6
18,8378.7
20,8379.2
17,8379.3
29,8379.5
8,8379.9
1,8380.2
24,8380.7
14,8381.1
22,8381.1
6,8382.4
28,8382.6
5,8383.3
30,8384.5
25,8385.5
9,8385.8
29,8388.9
6,8392.6
24,8396.0
6,8758.7
29,8759.8
10,8760.0
24,8760.1
5,8760.3
28,8760.6
30,8761.1
26,8761.9
21,8761.9
13,8762.4
12,8762.4
6,8762.5
4,8763.1
19,8763.3
31,8764.1
18,8764.2
17,8764.9
29,8764.9
20,8765.0
1,8765.7
24,8766.3
10,8766.3
22,8766.8
14,8766.8
6,8767.8
28,8768.2
5,8769.3
26,8770.0
30,8770.6
12,8771.6
10,8774.5
6,8774.9
29,8774.9
24,8782.1
6,8800.8
6,8838.5
10,8839.6
29,8839.6
24,8839.8
5,8840.1
28,8840.4
30,8840.9
26,8841.4
21,8841.6
12,8841.9
13,8842.1
6,8842.2
4,8842.8
19,8843.0
31,8843.8
18,8843.9
20,8844.4
17,8844.5
29,8844.6
1,8845.1
10,8845.5
24,8845.7
14,8846.1
22,8846.1
6,8847.1
28,8847.8
5,8848.4
26,8849.1
30,8849.8
12,8851.0
10,8853.7
6,8854.0
29,8854.1
24,8859.9
6,8871.5
6,8918.4
29,8919.5
10,8919.6
24,8919.7
5,8920.0
28,8920.3
30,8920.8
26,8921.4
21,8921.5
12,8921.9
6,8922.0
13,8922.0
4,8922.7
19,8922.9
31,8923.7
18,8923.8
20,8924.2
17,8924.4
29,8924.5
1,8925.0
24,8925.7
10,8925.8
22,8925.9
14,8926.1
6,8927.3
28,8927.6
5,8928.4
26,8929.3
30,8929.6
12,8930.8
10,8933.8
29,8933.9
6,8934.0
24,8939.9
6,8950.8
26,8983.5
10,8983.5
12,8984.0
6,8988.0
6,8998.4
29,8999.5
10,8999.5
24,8999.7
5,9000.0
28,9000.3
30,9000.8
26,9001.0
21,9001.5
12,9001.6
13,9002.0
6,9002.1
4,9002.7
19,9002.9
31,9003.6
18,9003.8
20,9004.2
17,9004.4
29,9004.5
1,9005.0
24,9005.7
10,9005.9
22,9005.9
14,9006.0
6,9007.3
28,9007.6
5,9008.2
30,9009.5
26,9013.3
10,9013.6
29,9013.9
12,9013.9
6,9017.0
24,9019.9
10,9029.8
10,9064.9
26,9064.9
12,9065.4
6,9384.1
12,9384.3
29,9384.8
10,9384.9
24,9385.1
18,9385.1
28,9385.6
20,9385.7
30,9386.1
26,9386.7
2,9386.8
21,9386.9
13,9387.4
5,9388.0
4,9388.1
19,9388.3
27,9388.5
31,9389.1
6,9389.4
29,9389.9
17,9389.9
12,9390.7
1,9390.7
10,9390.9
24,9391.3
22,9391.8
18,9392.1
28,9393.2
26,9394.7
6,9395.6
30,9395.6
20,9397.2
10,9399.4
12,9399.5
29,9399.9
24,9404.7
6,9407.2
6,9463.9
12,9464.0
10,9464.6
29,9464.6
24,9464.7
18,9464.8
28,9465.4
20,9465.4
30,9465.9
2,9466.4
26,9466.4
21,9466.6
13,9467.0
5,9467.6
4,9467.8
27,9468.0
19,9468.0
6,9468.8
31,9468.8
17,9469.5
29,9469.6
1,9470.1
12,9470.2
10,9470.5
24,9470.7
22,9471.0
18,9471.7
28,9472.7
26,9474.1
6,9474.6
30,9474.8
20,9476.1
10,9478.6
29,9479.1
12,9479.1
24,9483.1
6,9485.6
21,9491.5
6,9543.8
12,9544.1
29,9544.5
10,9544.7
24,9544.7
18,9544.8
28,9545.2
20,9545.3
30,9545.8
2,9546.3
21,9546.5
26,9546.6
13,9546.9
5,9547.5
4,9547.6
19,9547.9
27,9548.0
6,9548.6
31,9548.7
17,9549.4
29,9549.5
1,9550.1
24,9550.7
12,9550.7
22,9550.8
10,9551.0
18,9551.5
28,9552.6
30,9554.6
26,9554.8
6,9554.8
20,9556.2
10,9558.7
12,9558.8
29,9558.9
24,9562.9
6,9565.3
21,9567.7
26,9607.3
10,9607.3
12,9607.4
6,9613.1
6,9623.9
12,9623.9
10,9624.5
29,9624.5
24,9624.7
18,9624.7
28,9625.2
20,9625.3
30,9625.8
26,9626.0
2,9626.2
21,9626.5
13,9626.9
5,9627.5
4,9627.6
19,9627.9
27,9627.9
31,9628.6
6,9628.7
17,9629.4
29,9629.5
1,9630.1
12,9630.3
10,9630.7
24,9630.7
22,9630.8
18,9631.4
28,9632.6
30,9634.6
20,9635.9
26,9636.2
6,9637.2
10,9637.3
12,9637.4
29,9638.9
24,9642.8
21,9648.0
10,9657.2
26,9687.7
10,9687.7
12,9687.8
