2,146.2
6,147.6
0,150.9
1,151.0
5,157.8
1,159.4
2,161.4
6,165.2
3,167.0
4,167.8
7,171.6
0,176.6
1,188.0
5,190.6
4,192.5
2,199.0
0,199.1
1,203.2
5,207.0
4,208.3
6,212.8
2,217.7
1,234.5
3,235.6
0,236.2
2,247.9
5,260.3
6,271.6
1,286.2
2,292.2
4,294.2
6,298.2
2,300.7
0,302.9
3,303.8
6,310.0
2,310.7
1,311.6
5,324.5
4,329.1
2,329.7
3,330.4
6,337.2
1,338.6
7,343.4
0,353.6
2,357.5
5,361.1
6,371.9
1,388.7
2,389.6
6,418.8
4,426.7
2,431.8
5,477.4
1,479.6
2,494.4
6,495.3
2,667.9
6,668.5
1,669.6
4,670.9
5,671.3
0,673.3
2,676.3
6,677.0
1,677.7
5,680.3
3,681.5
0,681.6
4,681.6
2,683.6
7,683.9
6,685.7
1,685.9
5,689.5
3,690.6
2,690.9
4,692.5
6,694.3
1,695.2
0,695.7
5,697.4
2,701.7
7,703.4
1,703.4
6,704.0
4,705.9
5,718.7
2,722.8
0,725.5
3,725.8
1,728.6
4,731.6
5,737.1
0,739.8
1,740.7
6,741.1
4,741.2
2,744.5
1,750.0
5,757.3
2,758.8
6,760.6
4,761.8
0,767.3
1,768.5
2,796.9
6,801.4
7,802.3
1,811.8
4,823.3
5,835.1
2,836.5
0,837.7
6,837.7
1,840.1
0,847.2
2,849.2
4,850.3
1,850.7
6,853.1
0,855.0
5,857.1
4,865.5
1,866.6
2,870.9
6,881.8
0,885.0
3,888.4
1,895.7
5,897.9
2,898.4
6,901.6
4,908.4
1,922.8
7,923.6
0,926.0
4,930.8
5,932.1
1,936.5
2,937.6
6,947.8
7,950.1
4,952.9
5,957.3
1,960.6
0,961.8
2,973.3
7,982.9
6,1008.9
4,1010.6
1,1015.7
5,1024.0
2,1046.2
1,1118.8
1,1283.5
5,1284.1
2,1284.8
6,1284.9
4,1286.7
0,1289.6
1,1292.3
4,1293.3
5,1293.4
2,1296.0
6,1296.2
7,1297.4
1,1299.2
0,1301.3
3,1301.6
5,1303.4
4,1304.5
2,1304.6
1,1305.2
6,1305.4
0,1309.6
7,1310.3
1,1311.7
5,1312.1
4,1312.4
2,1314.3
3,1314.6
0,1316.1
6,1316.4
1,1317.8
5,1319.7
4,1322.6
7,1324.2
0,1328.1
1,1330.4
4,1333.2
5,1335.2
2,1337.6
6,1351.2
3,1358.1
1,1358.8
0,1362.7
2,1364.8
4,1374.6
5,1376.4
7,1382.5
1,1387.8
6,1393.9
4,1394.9
2,1403.2
0,1405.8
5,1424.3
3,1426.9
1,1431.7
4,1445.0
1,1459.8
0,1460.8
5,1462.8
2,1462.9
6,1463.5
1,1466.5
4,1468.0
0,1468.8
5,1472.1
6,1473.9
1,1473.9
2,1474.2
0,1478.2
4,1478.6
5,1481.3
1,1482.0
6,1485.0
2,1488.7
1,1510.5
4,1513.6
0,1513.6
5,1516.5
6,1519.0
2,1519.7
1,1520.9
5,1528.0
7,1530.0
3,1531.4
6,1533.4
2,1546.6
1,1547.4
4,1547.5
6,1554.9
2,1557.9
7,1559.8
0,1560.0
3,1565.2
5,1567.1
7,1573.7
6,1574.8
1,1578.2
2,1578.9
4,1590.0
5,1616.8
1,1617.9
6,1626.9
2,1636.7
4,1657.7
0,1660.6
1,1673.9
7,1675.2
5,1705.7
6,1710.0
2,1753.9
1,1906.7
5,1907.2
4,1908.3
6,1908.5
2,1908.6
0,1910.3
1,1916.9
4,1917.6
5,1917.7
7,1918.3
0,1919.7
6,1920.7
2,1921.1
3,1926.9
1,1927.7
6,1928.3
2,1928.7
0,1929.0
4,1930.6
5,1931.9
7,1935.0
1,1935.5
6,1936.7
0,1936.9
4,1937.5
2,1938.2
5,1939.3
3,1939.4
1,1941.3
4,1943.7
0,1943.7
1,1946.5
7,1947.0
5,1947.1
2,1952.5
6,1958.4
0,1958.9
4,1959.1
1,1961.1
5,1964.3
3,1977.2
2,1978.5
1,1993.7
4,1994.8
0,1996.4
6,1999.1
7,2005.0
5,2008.6
2,2008.9
4,2016.6
6,2022.6
2,2025.1
1,2028.5
3,2036.3
2,2054.5
6,2055.0
0,2059.8
5,2066.8
4,2076.5
1,2079.5
1,2085.3
0,2086.6
5,2086.9
4,2091.0
1,2094.0
0,2094.0
2,2095.7
5,2095.8
6,2096.4
3,2098.5
4,2099.6
1,2100.8
0,2104.0
5,2113.8
1,2114.1
6,2116.0
2,2125.9
4,2139.4
1,2142.3
0,2147.7
7,2150.5
5,2151.4
6,2166.2
2,2167.5
4,2172.0
1,2172.3
6,2177.5
2,2180.2
5,2184.7
6,2185.3
0,2192.4
1,2199.9
3,2202.0
4,2207.7
2,2220.4
6,2239.5
5,2258.3
1,2260.3
4,2299.9
2,2305.1
6,2318.5
1,2531.2
4,2531.5
5,2531.6
6,2532.8
0,2532.9
2,2533.0
1,2541.4
7,2541.4
5,2542.0
4,2542.3
6,2544.0
2,2544.2
0,2545.2
3,2548.2
1,2552.6
0,2553.0
2,2553.0
6,2553.6
4,2553.8
5,2555.5
1,2559.8
0,2560.3
4,2561.5
5,2562.1
2,2563.8
6,2564.5
3,2565.8
1,2566.1
7,2568.3
5,2568.4
0,2568.8
4,2568.8
1,2571.2
2,2587.6
5,2591.8
0,2592.2
4,2592.6
1,2592.7
6,2605.8
3,2606.6
2,2616.5
7,2623.1
1,2627.3
4,2629.9
0,2636.9
5,2642.0
2,2655.0
1,2656.0
6,2659.6
3,2666.3
4,2685.8
0,2703.0
1,2706.1
5,2708.2
2,2709.5
0,2710.8
6,2711.3
1,2711.8
5,2714.9
4,2715.0
2,2717.4
1,2717.4
6,2717.4
0,2717.7
3,2720.5
5,2723.0
4,2725.2
1,2726.4
0,2727.9
4,2738.1
5,2743.4
1,2750.7
2,2751.4
6,2752.7
0,2771.8
4,2776.0
1,2779.6
5,2782.1
0,2785.1
4,2786.3
1,2793.5
2,2794.7
6,2797.3
4,2801.1
5,2802.1
3,2805.9
2,2806.3
7,2807.6
1,2810.1
0,2813.7
6,2823.7
4,2832.7
1,2846.2
5,2849.2
2,2853.7
4,2871.3
0,2878.5
1,2889.8
3,2908.0
4,2926.0
5,2934.2
2,2941.0
1,2956.0
1,3149.2
5,3149.5
4,3149.6
6,3150.1
2,3150.1
0,3150.2
7,3152.2
1,3153.2
5,3153.4
4,3153.6
0,3154.9
3,3155.0
6,3155.9
2,3155.9
7,3158.3
4,3160.0
1,3161.1
5,3161.3
0,3162.4
3,3164.7
6,3164.9
2,3165.9
4,3166.9
7,3170.9
0,3173.2
1,3177.9
5,3181.3
6,3184.8
4,3188.4
3,3189.6
2,3190.4
7,3196.2
1,3201.9
0,3202.5
5,3212.0
6,3216.4
4,3219.5
3,3233.2
7,3238.2
4,3238.5
1,3241.9
0,3247.5
2,3265.5
4,3315.2
0,3316.3
1,3321.0
5,3321.9
6,3324.9
2,3331.3
4,3394.3
0,3395.3
1,3397.1
5,3398.2
7,3398.7
6,3399.9
2,3401.1
3,3408.6
4,3412.2
1,3775.3
5,3775.6
6,3775.9
4,3775.9
2,3776.1
0,3776.6
1,3779.6
6,3780.8
5,3780.9
2,3781.3
4,3782.1
7,3782.1
0,3782.4
3,3783.8
1,3787.5
5,3788.6
4,3789.6
6,3790.7
7,3791.3
0,3797.9
1,3806.2
4,3807.0
2,3807.9
3,3811.4
5,3812.2
7,3819.5
0,3820.5
6,3822.5
4,3828.7
1,3832.1
5,3851.5
0,3856.2
4,3858.8
1,3868.5
6,3883.7
2,3888.1
4,3942.9
0,3948.0
4,3959.3
1,4018.7
6,4018.9
2,4019.0
5,4019.1
4,4022.1
0,4027.0
4,4034.8
5,4054.9
1,4060.1
7,4063.0
6,4088.8
1,4400.6
5,4401.0
6,4401.6
2,4401.6
4,4401.9
0,4403.4
1,4405.8
4,4406.2
7,4408.0
5,4408.8
0,4409.3
3,4410.5
6,4413.1
2,4413.3
4,4415.3
7,4422.1
0,4427.7
1,4428.9
4,4434.7
3,4447.9
0,4454.2
7,4456.4
4,4460.4
5,4485.5
6,4493.9
1,4495.4
4,4498.2
2,4498.3
1,4578.4
6,4582.0
5,4583.1
2,4583.5
4,4649.5
0,4652.3
1,4658.4
1,5025.5
5,5025.8
6,5026.3
2,5026.5
4,5027.6
0,5028.2
1,5030.2
5,5031.8
4,5033.4
7,5034.6
6,5035.6
0,5035.7
3,5037.5
2,5038.8
4,5047.0
7,5051.8
1,5054.4
0,5056.9
5,5059.3
4,5067.1
6,5083.5
0,5086.9
4,5094.9
1,5113.3
2,5117.7
1,5192.4
5,5192.7
6,5193.7
2,5194.7
4,5202.9
0,5224.2
1,5274.1
5,5274.7
6,5276.2
2,5277.4
4,5283.8
0,5308.3
1,5652.1
5,5652.2
6,5652.6
4,5652.6
2,5653.0
0,5653.3
4,5658.1
0,5659.4
7,5660.0
2,5660.3
5,5660.4
6,5660.4
1,5660.5
3,5660.5
4,5667.2
7,5678.5
3,5679.8
0,5681.4
4,5687.1
6,5693.9
1,5698.9
5,5706.7
2,5708.6
0,5713.2
4,5714.3
1,5821.6
6,5822.3
5,5822.8
2,5823.2
4,5826.3
0,5836.7
1,5913.3
6,6277.0
2,6277.6
1,6277.6
5,6278.0
4,6280.4
0,6280.6
1,6284.5
2,6284.8
6,6284.8
5,6284.9
0,6285.9
4,6286.2
7,6291.7
3,6291.7
6,6304.0
2,6308.2
0,6310.1
1,6311.0
4,6311.5
5,6317.7
6,6346.4
0,6349.8
4,6359.0
1,6383.4
6,6457.2
2,6508.8
1,6904.4
6,6904.6
5,6904.7
2,6905.4
0,6905.9
4,6906.2
7,6912.0
3,6912.5
6,6913.9
2,6916.8
1,6917.2
5,6917.8
4,6920.2
0,6920.2
6,6935.4
7,6945.4
2,6949.6
3,6951.9
1,6953.9
6,6965.7
5,6978.0
1,7081.9
0,7088.8
6,7098.3
4,7150.7
1,7164.8
5,7167.4
7,7179.1
6,7532.5
2,7535.3
7,7535.5
1,7535.7
3,7536.3
0,7536.7
4,7537.3
5,7538.2
6,7543.8
2,7546.1
0,7549.4
1,7549.7
4,7550.5
5,7550.6
3,7565.4
6,7568.7
7,7571.2
2,7607.9
6,7619.9
1,7641.3
7,7796.3
0,7796.5
4,7803.7
6,8156.6
0,8158.9
4,8159.4
2,8159.5
1,8160.2
7,8160.8
3,8162.0
6,8164.7
2,8170.7
1,8175.3
5,8178.2
0,8181.4
4,8186.4
6,8188.0
7,8189.9
1,8211.1
3,8218.0
6,8226.2
2,8229.1
0,8231.7
6,8414.0
2,8424.7
1,8437.3
6,8783.1
2,8784.2
7,8786.2
3,8786.6
1,8786.6
0,8787.2
4,8788.0
6,8794.9
2,8798.2
1,8800.3
0,8800.5
5,8803.7
4,8814.1
7,8815.1
6,8823.1
3,8827.2
1,8831.7
0,8833.0
2,8901.1
6,9064.1
0,9407.1
4,9407.7
2,9409.4
6,9410.2
7,9411.0
3,9411.6
1,9412.4
0,9418.2
2,9418.7
6,9421.8
4,9426.3
5,9430.5
1,9431.0
7,9431.3
6,9453.1
0,9456.8
2,9461.2
3,9464.3
1,9526.8
3,9681.8
