7,101.0
3,107.6
4,130.2
1,134.5
4,164.1
1,173.9
7,175.4
3,179.6
2,183.2
4,183.4
0,195.3
4,212.6
7,256.7
3,260.2
2,264.4
0,269.7
7,643.7
3,648.2
4,669.7
1,672.2
5,674.2
5,690.3
4,700.3
5,709.0
7,721.1
4,723.1
3,723.9
5,726.3
2,726.6
0,729.2
4,749.2
5,751.8
7,800.9
3,803.8
2,805.9
0,808.0
4,810.2
7,879.5
3,882.1
2,887.0
0,888.0
4,893.9
4,917.8
7,1267.5
3,1271.5
0,1276.8
4,1289.7
5,1294.4
1,1296.9
5,1305.6
4,1306.4
5,1318.9
4,1328.2
5,1333.3
0,1343.3
7,1345.5
4,1346.1
5,1346.3
3,1348.0
2,1351.1
5,1368.0
5,1386.3
5,1411.0
7,1425.1
3,1427.9
4,1429.5
0,1430.4
2,1430.5
5,1431.8
4,1458.2
1,1481.1
4,1493.3
7,1503.8
3,1506.6
0,1510.1
2,1511.2
4,1511.5
5,1518.5
7,1891.5
3,1894.8
0,1897.3
4,1904.8
2,1915.8
5,1917.5
4,1919.5
1,1922.4
5,1926.4
5,1935.4
4,1936.2
5,1947.1
4,1965.1
5,1966.6
0,1968.3
7,1969.7
3,1971.8
2,1974.9
4,1984.4
5,1986.9
5,2020.4
7,2049.6
3,2051.9
4,2053.2
0,2054.0
2,2055.0
5,2056.6
4,2083.0
1,2100.7
4,2114.4
7,2128.2
3,2130.2
4,2132.6
0,2133.6
2,2135.4
5,2137.8
7,2516.0
3,2518.9
0,2521.1
4,2523.0
2,2530.3
5,2540.4
4,2540.9
1,2547.3
5,2549.5
4,2557.2
5,2559.1
5,2571.2
4,2578.1
5,2591.0
7,2594.3
0,2594.5
4,2595.2
3,2595.6
2,2600.6
5,2619.5
4,2625.8
7,2674.1
3,2676.3
4,2676.9
0,2678.3
5,2679.6
2,2680.1
4,2706.0
1,2722.9
5,2724.8
4,2737.6
7,2752.8
3,2754.6
4,2756.2
5,2758.0
0,2758.0
2,2760.1
7,3136.7
4,3138.0
3,3138.0
0,3138.3
5,3138.8
2,3139.0
7,3147.0
4,3150.5
3,3154.5
7,3216.1
4,3217.1
3,3217.2
0,3217.8
5,3218.0
2,3218.0
7,3226.3
4,3229.5
3,3232.8
5,3239.6
7,3296.1
3,3297.2
4,3297.2
0,3297.7
5,3297.7
2,3298.1
7,3306.1
4,3309.7
3,3313.8
5,3320.6
7,3376.1
4,3377.1
3,3377.1
0,3377.7
5,3377.9
2,3378.1
7,3385.7
4,3389.5
3,3389.9
3,3446.7
7,3449.1
7,3761.7
2,3761.7
3,3763.0
0,3763.3
5,3763.8
7,3772.4
3,3777.6
2,3782.2
2,3841.0
7,3841.1
3,3842.2
0,3842.7
5,3843.0
7,3851.4
2,3855.3
3,3857.7
5,3863.2
2,3921.0
7,3921.1
3,3922.1
0,3922.7
5,3922.8
7,3931.6
2,3935.5
3,3937.2
5,3943.5
7,4001.0
2,4001.0
3,4002.2
0,4002.6
5,4002.9
7,4010.8
3,4015.5
2,4015.8
3,4072.2
7,4072.6
7,4385.8
2,4385.9
3,4388.0
0,4388.3
5,4388.8
7,4393.7
2,4396.6
3,4401.8
2,4417.8
7,4465.3
2,4465.3
3,4467.1
0,4467.8
5,4468.0
7,4472.6
2,4474.7
3,4481.9
5,4486.7
2,4507.9
2,4545.2
7,4545.2
3,4547.1
0,4547.7
5,4547.8
7,4552.7
2,4554.6
3,4561.4
5,4567.5
7,4575.2
7,4625.2
2,4625.2
3,4627.1
0,4627.7
5,4627.9
7,4632.7
2,4634.7
3,4639.9
7,4650.8
7,4696.6
3,4696.7
2,5010.8
7,5012.1
0,5013.3
5,5013.8
4,5017.5
2,5021.6
5,5042.0
4,5042.1
2,5090.4
7,5091.7
0,5092.8
5,5092.9
4,5094.9
2,5099.8
5,5110.8
7,5114.1
2,5170.3
7,5171.6
0,5172.7
5,5172.8
4,5175.0
2,5179.7
5,5192.1
7,5194.6
2,5250.3
7,5251.5
0,5252.7
5,5252.8
4,5255.1
2,5259.7
7,5271.8
5,5283.8
2,5635.8
7,5637.2
0,5638.3
5,5638.8
4,5642.3
2,5646.6
5,5665.9
2,5675.4
2,5715.4
7,5716.6
0,5717.8
5,5718.0
4,5720.1
2,5724.8
5,5736.8
7,5737.7
2,5745.8
2,5795.2
7,5796.6
0,5797.7
5,5797.9
4,5800.3
2,5804.6
5,5817.5
7,5818.6
2,5827.3
2,5875.2
7,5876.5
0,5877.7
5,5877.9
4,5880.2
2,5884.7
7,5896.9
2,5908.2
2,6261.7
0,6263.3
5,6263.8
7,6266.4
4,6267.3
2,6278.7
5,6290.8
2,6341.1
0,6342.7
5,6343.0
7,6345.0
4,6345.1
2,6356.2
5,6361.8
2,6421.0
0,6422.6
5,6422.9
7,6425.1
4,6425.3
2,6436.0
5,6442.1
2,6501.0
0,6502.7
5,6502.8
7,6504.7
4,6505.1
2,6515.7
2,6886.7
7,6887.9
0,6888.3
4,6892.4
6,6893.7
2,6904.6
2,6966.1
7,6967.2
0,6967.7
4,6970.0
6,6971.6
2,6981.6
2,7046.0
7,7047.2
0,7047.7
4,7050.3
6,7051.3
2,7061.3
2,7126.0
7,7127.1
0,7127.7
4,7130.6
6,7131.3
2,7141.3
7,7512.9
2,7515.5
6,7518.5
3,7518.8
0,7521.0
7,7537.2
7,7592.2
2,7593.9
6,7596.2
3,7596.3
0,7598.9
7,7672.1
2,7674.0
6,7676.3
3,7676.4
0,7679.4
7,7752.1
2,7754.0
3,7754.9
6,7756.3
0,7760.2
7,7774.0
7,8137.9
2,8140.6
3,8143.5
6,8143.5
0,8146.2
7,8163.6
7,8217.2
2,8219.1
6,8220.9
3,8221.2
0,8223.8
7,8249.8
7,8297.1
2,8299.1
6,8301.1
3,8301.5
0,8304.3
7,8377.1
2,8379.1
3,8380.1
6,8381.1
0,8385.2
7,8397.3
7,8762.9
2,8765.6
3,8768.5
6,8768.5
7,8782.4
7,8842.2
2,8843.9
3,8846.1
6,8846.2
7,8863.9
7,8922.1
2,8924.0
6,8926.2
3,8926.4
7,8943.3
7,9002.1
2,9003.9
3,9005.0
6,9006.3
7,9019.4
7,9390.4
2,9390.6
4,9393.3
3,9393.5
6,9393.5
2,9410.5
7,9419.6
6,9419.7
4,9421.2
2,9468.8
7,9469.0
4,9470.0
6,9470.5
3,9471.1
2,9548.9
7,9549.1
4,9550.5
6,9550.8
3,9551.4
2,9628.8
7,9629.1
4,9630.0
3,9630.2
6,9630.7
2,9659.8
7,9667.0
