20,85.3
20,88.9
20,93.6
20,103.6
48,109.5
35,117.8
17,118.3
17,122.8
17,130.5
19,135.4
49,142.0
33,169.9
33,174.3
33,181.5
48,254.2
48,257.8
48,261.8
21,267.9
48,268.1
16,271.7
16,275.3
16,280.2
27,282.3
11,283.8
27,286.1
11,287.9
21,290.5
27,290.9
49,291.0
16,292.2
62,292.6
48,293.7
11,294.0
46,297.3
27,297.7
12,298.3
44,299.9
49,300.7
48,302.3
34,314.1
7,314.3
62,366.0
56,366.2
62,369.9
56,371.3
62,374.8
56,379.7
62,381.9
62,392.0
6,396.8
45,400.0
33,400.9
62,402.0
45,404.1
45,410.1
16,410.7
33,415.0
62,415.8
16,418.0
36,418.1
34,428.9
34,432.7
34,437.8
34,445.4
15,463.2
15,467.5
26,471.9
15,473.8
26,477.0
23,478.9
35,478.9
0,480.1
59,481.0
31,481.9
26,484.6
54,484.9
48,485.3
0,488.3
56,488.9
59,489.0
35,489.1
31,490.5
29,490.7
37,491.4
41,503.5
50,506.1
58,509.1
50,510.9
58,512.3
58,516.4
50,521.3
58,522.7
48,529.7
48,538.2
51,541.9
15,556.7
54,560.6
15,561.6
0,567.5
29,569.4
31,571.9
15,574.9
35,575.2
29,612.4
29,616.1
29,621.3
0,639.8
56,641.4
54,646.1
54,651.1
29,652.5
56,656.4
54,658.2
2,662.4
58,663.0
54,663.7
2,667.4
2,673.3
42,674.5
42,678.8
0,680.5
32,681.5
23,681.9
2,682.7
38,683.9
42,685.9
0,689.2
12,691.1
1,693.2
24,704.4
36,711.7
36,715.2
36,719.5
36,726.2
60,735.6
60,739.3
8,743.2
19,744.0
60,744.3
19,747.5
19,752.0
19,760.5
60,761.7
46,762.8
38,763.0
46,772.3
3,773.0
47,773.8
16,783.8
16,787.1
11,790.3
16,791.2
30,792.5
24,792.6
11,794.2
30,797.0
24,797.5
16,797.7
11,798.4
49,799.6
23,801.3
11,802.7
30,803.1
48,805.1
12,805.7
24,805.8
11,807.2
62,808.5
0,808.7
30,810.3
60,811.1
21,811.7
2,812.0
59,813.5
23,813.7
44,814.6
60,815.6
43,816.0
27,819.5
47,821.5
60,822.6
12,826.3
6,829.2
25,832.2
27,832.9
25,838.7
29,841.7
0,860.9
17,901.1
22,902.3
17,905.7
22,906.2
2,906.7
22,911.4
17,911.6
12,913.9
48,914.0
42,914.4
46,914.5
49,919.1
39,920.1
12,920.6
40,924.4
46,924.5
19,925.3
37,926.1
44,930.1
55,933.6
12,961.3
14,970.9
11,971.5
14,975.5
30,975.9
11,976.3
30,980.3
11,981.8
14,983.8
30,986.1
11,987.9
42,989.4
34,991.4
12,991.4
30,994.6
45,994.9
11,999.3
48,1017.8
12,1063.0
58,1069.3
58,1072.5
58,1076.6
58,1083.1
59,1098.8
12,1145.7
12,1165.8
9,1182.9
9,1186.9
9,1191.5
43,1193.1
43,1196.6
12,1197.2
9,1198.3
43,1201.1
12,1202.7
43,1208.9
41,1215.5
49,1218.9
1,1219.3
20,1225.2
59,1319.1
59,1323.1
59,1328.4
11,1332.8
59,1337.4
30,1342.1
9,1342.4
11,1342.5
30,1348.1
11,1348.4
9,1352.0
59,1355.7
38,1394.6
22,1396.4
38,1398.2
22,1400.5
38,1402.9
11,1403.5
13,1405.2
22,1405.8
13,1409.0
11,1411.1
48,1411.2
12,1411.7
38,1412.5
13,1413.4
25,1413.8
37,1415.5
49,1415.6
48,1416.9
22,1417.0
20,1417.0
12,1420.3
13,1421.2
41,1421.4
6,1423.4
49,1424.3
37,1424.4
48,1424.5
20,1427.4
32,1427.8
41,1429.6
36,1429.7
6,1435.6
45,1450.6
45,1454.9
21,1458.2
21,1461.7
45,1461.7
21,1466.2
21,1475.9
25,1475.9
28,1476.6
39,1477.8
17,1478.0
20,1480.4
26,1484.2
32,1484.3
11,1494.3
32,1495.8
25,1502.0
12,1565.3
20,1587.3
37,1590.0
48,1590.0
35,1599.0
39,1601.2
39,1628.8
17,1628.9
6,1649.5
4,1651.7
49,1654.0
4,1655.8
4,1661.3
17,1667.7
37,1669.7
39,1672.7
14,1676.4
24,1684.4
51,1688.4
47,1690.1
24,1692.3
51,1692.5
51,1698.4
47,1698.6
24,1701.2
33,1709.9
33,1714.9
33,1729.0
41,1731.0
41,1735.0
41,1740.7
5,1795.9
5,1799.6
5,1804.7
52,1811.3
10,1811.4
21,1816.1
16,1816.3
10,1816.8
12,1817.4
46,1817.8
52,1818.3
10,1822.1
46,1825.0
51,1825.5
10,1828.4
52,1828.6
46,1833.8
35,1856.6
34,1857.2
3,1873.6
52,1873.7
3,1877.3
52,1877.8
3,1882.3
52,1883.6
12,1888.4
58,1893.8
4,1893.9
17,1896.6
38,1897.5
54,1898.3
17,1901.1
12,1906.6
17,1907.2
21,1912.5
19,1912.7
51,1913.5
49,1916.7
62,1933.9
55,1937.1
53,1937.6
62,1938.0
5,1941.0
62,1943.7
5,1944.9
5,1950.8
6,1953.8
12,1957.5
6,1957.8
6,1963.4
47,1964.5
10,1967.7
37,1975.0
47,1976.3
54,1976.9
56,1978.1
1,1978.5
10,1981.9
46,1985.0
10,1987.7
34,1989.5
46,1990.4
10,1992.9
34,1993.2
46,1997.2
34,1998.1
10,1998.8
10,2006.2
49,2008.5
46,2009.6
24,2011.7
49,2012.1
59,2015.1
49,2016.8
10,2019.9
47,2020.2
59,2020.7
58,2021.9
33,2021.9
7,2022.2
49,2023.9
12,2027.5
47,2027.9
24,2028.4
59,2030.8
42,2038.3
60,2038.8
42,2042.4
60,2045.3
55,2045.5
42,2048.1
55,2053.0
60,2053.4
42,2059.2
42,2069.3
42,2076.4
61,2087.8
16,2094.5
60,2099.6
61,2101.8
60,2106.1
54,2111.8
52,2111.9
4,2116.4
38,2117.1
54,2117.7
52,2119.2
59,2120.2
54,2123.1
52,2124.4
37,2126.5
21,2128.0
18,2131.2
51,2132.4
12,2132.8
18,2134.8
51,2136.2
18,2139.3
38,2140.6
51,2141.3
1,2146.3
18,2147.9
1,2150.3
2,2150.8
32,2152.8
1,2155.5
17,2155.7
36,2158.8
32,2159.2
32,2162.8
1,2162.9
35,2165.1
19,2166.1
13,2167.1
32,2167.6
47,2168.1
41,2169.1
7,2169.9
32,2176.5
51,2182.0
51,2187.0
2,2192.2
6,2195.6
2,2198.0
6,2202.9
2,2204.6
9,2209.0
9,2213.1
9,2217.8
9,2225.7
11,2226.1
0,2228.8
35,2230.5
0,2233.0
14,2235.2
11,2237.1
0,2238.1
14,2243.2
44,2244.9
0,2245.7
58,2245.8
44,2248.7
44,2253.9
31,2256.8
33,2259.7
47,2260.9
33,2264.1
28,2266.5
47,2267.8
35,2271.6
33,2272.0
9,2279.5
59,2280.2
59,2288.6
9,2290.6
59,2296.1
43,2314.2
0,2316.3
43,2317.8
0,2321.4
43,2323.0
0,2329.4
43,2335.0
58,2347.5
36,2354.0
52,2363.9
36,2364.6
52,2369.9
36,2371.3
41,2433.6
2,2443.1
2,2448.2
2,2453.9
9,2458.6
9,2462.6
3,2462.9
32,2467.1
3,2467.2
9,2467.6
38,2468.1
2,2468.3
25,2472.5
58,2472.7
9,2473.0
3,2473.3
51,2473.3
14,2474.7
11,2474.7
6,2475.4
26,2476.1
9,2476.8
1,2477.1
54,2477.9
58,2480.1
50,2480.5
11,2481.5
9,2482.0
49,2482.3
51,2482.8
30,2483.0
12,2483.2
23,2484.6
3,2485.1
35,2485.4
49,2485.7
11,2486.3
50,2487.0
44,2487.0
54,2488.9
30,2489.5
49,2489.9
28,2489.9
24,2491.4
26,2491.4
4,2492.0
58,2492.1
22,2493.3
11,2493.4
37,2494.4
9,2494.6
46,2494.9
34,2495.7
49,2496.0
50,2497.3
51,2497.4
14,2497.9
25,2498.2
5,2498.5
42,2498.8
28,2501.4
55,2501.9
26,2502.1
44,2502.9
55,2505.4
33,2509.1
55,2510.1
27,2512.8
33,2513.1
33,2518.2
55,2521.1
36,2544.0
15,2544.4
29,2549.9
15,2551.6
29,2553.4
36,2553.8
29,2557.6
29,2564.1
16,2564.6
12,2566.5
0,2567.6
24,2570.6
8,2571.1
16,2573.2
15,2576.9
16,2581.0
35,2581.4
36,2582.5
35,2584.8
35,2589.1
28,2591.0
35,2595.6
28,2596.1
61,2599.0
38,2599.7
27,2608.6
47,2609.2
51,2609.2
61,2612.1
60,2612.9
20,2614.8
24,2616.6
58,2616.7
51,2617.6
32,2617.9
61,2619.2
45,2620.4
27,2620.7
36,2621.5
47,2621.7
18,2626.5
49,2628.4
0,2629.9
32,2630.8
27,2633.3
51,2635.6
25,2640.9
24,2665.4
24,2669.7
24,2677.0
12,2678.3
61,2679.2
0,2681.4
57,2682.1
43,2682.6
61,2684.5
11,2688.0
16,2690.2
9,2690.3
2,2690.3
34,2691.1
57,2692.3
39,2693.6
44,2694.6
39,2699.1
34,2699.1
16,2699.4
11,2708.2
39,2711.4
31,2713.2
31,2717.0
46,2719.0
31,2722.0
31,2733.7
36,2758.2
61,2762.5
36,2764.3
36,2780.0
12,2791.4
12,2795.5
60,2795.5
6,2796.6
52,2798.2
12,2801.1
9,2802.6
16,2805.4
6,2806.1
55,2810.4
41,2811.5
1,2813.3
49,2816.6
42,2817.9
20,2818.9
42,2822.0
42,2828.0
37,2847.1
37,2850.8
37,2855.5
37,2863.9
0,2870.4
26,2873.0
0,2878.8
26,2884.6
10,2889.4
10,2892.8
10,2897.2
11,2900.0
27,2901.2
17,2903.0
10,2905.1
11,2905.2
17,2907.2
27,2908.5
48,2909.4
28,2909.5
32,2911.3
15,2912.2
17,2913.4
49,2914.2
12,2915.8
48,2919.5
50,2919.6
12,2922.4
46,2922.7
19,2923.1
49,2923.3
11,2925.4
44,2926.4
55,2933.8
43,2942.9
1,2957.7
1,2983.8
8,2986.4
1,2988.9
48,2993.7
49,2995.6
8,3000.4
47,3000.8
9,3070.9
9,3074.7
9,3079.2
58,3084.6
9,3085.5
60,3087.6
58,3089.5
53,3091.6
37,3094.0
60,3095.1
11,3097.0
37,3097.3
32,3097.5
44,3098.2
58,3098.7
35,3101.0
37,3101.4
51,3101.7
60,3102.0
37,3107.3
48,3114.2
14,3118.9
16,3120.3
38,3126.1
14,3126.3
16,3129.2
38,3129.5
38,3133.9
38,3142.0
1,3166.1
35,3169.7
1,3170.7
8,3171.3
1,3180.4
1,3187.4
61,3187.6
8,3190.0
61,3191.9
59,3195.1
61,3198.5
59,3198.9
37,3201.6
35,3202.6
59,3204.0
37,3205.3
35,3208.0
37,3210.3
14,3213.2
16,3214.2
35,3214.5
14,3218.9
16,3219.9
35,3224.5
14,3228.0
16,3229.8
29,3230.4
16,3233.5
29,3234.1
16,3237.1
29,3239.0
16,3242.3
11,3247.8
29,3251.0
12,3257.4
62,3257.9
21,3260.0
58,3310.5
58,3313.9
39,3315.1
58,3318.4
39,3320.9
55,3321.2
55,3324.9
58,3326.7
16,3328.3
55,3329.8
39,3331.0
55,3340.6
58,3369.7
58,3373.8
58,3380.5
31,3400.9
59,3404.4
31,3404.5
7,3405.9
31,3407.9
31,3412.4
30,3416.2
30,3419.8
31,3422.1
30,3425.0
7,3427.0
7,3431.4
30,3438.2
7,3438.6
48,3443.6
21,3443.9
0,3446.6
29,3449.1
62,3521.0
62,3525.1
62,3531.0
59,3536.1
20,3537.2
20,3542.7
59,3542.9
20,3550.7
31,3555.4
31,3559.2
31,3564.6
6,3567.7
9,3573.8
32,3591.9
17,3603.0
45,3603.1
45,3607.5
17,3607.6
18,3607.8
18,3611.5
48,3613.5
45,3614.0
17,3614.8
18,3616.4
48,3617.1
19,3621.5
48,3621.7
17,3624.0
18,3627.3
12,3629.1
2,3629.9
48,3630.5
46,3631.7
36,3635.1
0,3662.8
54,3675.6
54,3679.9
54,3686.5
54,3695.2
9,3704.0
54,3704.4
43,3710.3
43,3713.9
42,3717.7
43,3718.5
43,3727.0
48,3728.2
48,3732.1
9,3734.8
48,3737.8
1,3747.9
26,3748.5
1,3756.4
26,3759.6
26,3766.2
1,3767.2
9,3778.7
9,3783.3
9,3788.9
11,3798.8
44,3808.4
11,3844.5
15,3851.2
11,3871.1
11,3876.3
10,3894.5
10,3898.4
10,3904.0
27,3914.7
28,3915.5
23,3918.7
28,3919.6
48,3920.0
23,3922.5
51,3925.2
28,3926.0
52,3926.7
23,3928.0
32,3928.2
6,3929.1
20,3930.5
52,3931.1
11,3933.7
6,3934.0
51,3934.3
52,3936.5
47,3936.7
20,3938.7
56,3938.7
45,3938.8
34,3939.9
8,3940.4
6,3941.8
36,3942.1
52,3943.0
29,3943.5
9,3947.4
45,3949.4
15,3951.1
6,3951.5
61,3952.5
52,3952.6
32,3955.1
27,3956.6
49,3958.4
25,3962.5
55,3965.5
58,3966.9
55,3969.2
55,3974.2
39,4042.2
16,4045.0
39,4048.2
16,4053.9
39,4054.6
50,4070.9
50,4075.6
50,4084.5
23,4120.4
23,4124.4
23,4130.3
62,4133.3
9,4136.4
62,4137.3
8,4138.3
11,4141.8
62,4143.2
20,4145.6
36,4147.5
45,4150.4
45,4154.8
9,4156.8
45,4162.0
9,4162.6
31,4162.6
32,4164.9
9,4168.4
31,4168.4
32,4168.9
32,4174.5
9,4177.1
31,4177.7
4,4182.8
4,4186.5
59,4188.8
4,4191.5
31,4193.3
55,4203.9
21,4205.6
53,4210.2
54,4211.0
52,4214.2
8,4215.9
27,4216.4
11,4222.3
36,4227.4
52,4228.1
36,4232.9
52,4235.1
36,4239.7
52,4240.9
43,4285.4
43,4289.0
43,4293.7
43,4304.0
11,4311.9
8,4317.8
8,4321.3
8,4326.0
57,4337.5
8,4337.5
51,4338.8
57,4341.3
57,4346.5
29,4356.1
44,4384.9
44,4388.9
44,4394.8
9,4397.3
22,4429.5
22,4433.1
22,4437.6
14,4443.3
37,4444.1
39,4444.8
22,4446.8
12,4450.8
40,4461.7
10,4480.3
10,4483.6
10,4487.6
10,4493.0
15,4496.4
32,4496.8
48,4497.6
27,4501.8
31,4505.1
35,4505.5
30,4506.6
10,4508.5
33,4509.4
0,4509.5
31,4511.1
58,4511.4
35,4512.2
27,4513.4
0,4513.4
51,4513.6
16,4516.9
0,4518.1
43,4518.6
43,4522.1
58,4522.1
31,4522.4
0,4525.4
43,4526.6
21,4532.5
6,4532.9
51,4539.8
43,4541.2
14,4542.1
40,4553.0
40,4560.9
9,4589.2
49,4594.7
21,4596.2
9,4596.4
21,4600.0
49,4601.7
9,4604.8
21,4605.0
27,4606.7
28,4611.1
36,4611.9
59,4612.3
20,4613.5
21,4613.8
17,4614.2
25,4615.8
27,4617.5
39,4619.1
12,4622.3
10,4623.4
20,4625.0
50,4626.2
47,4626.3
39,4626.7
12,4627.2
17,4627.4
10,4628.5
39,4630.4
48,4630.5
47,4633.0
50,4633.6
12,4634.0
39,4635.1
47,4638.3
50,4639.2
10,4639.5
33,4641.4
12,4642.1
39,4644.2
47,4644.3
50,4645.8
33,4646.0
4,4647.0
48,4647.1
47,4650.7
4,4650.8
33,4652.5
50,4653.0
4,4655.8
14,4660.9
54,4662.5
47,4662.7
31,4665.2
52,4668.9
40,4670.1
62,4670.6
8,4671.9
37,4672.5
25,4677.2
25,4680.4
28,4680.4
40,4680.5
25,4684.3
12,4686.7
25,4689.0
38,4689.8
12,4692.0
59,4693.3
25,4696.7
7,4700.2
21,4700.8
55,4701.8
17,4706.0
41,4709.5
20,4713.5
55,4714.6
36,4722.0
10,4733.7
12,4739.5
10,4739.8
10,4749.8
59,4755.6
18,4756.1
29,4769.7
51,4806.4
51,4810.4
51,4816.0
29,4834.7
29,4838.4
29,4843.4
8,4852.1
39,4856.9
17,4862.3
30,4866.0
30,4869.3
38,4872.7
30,4873.3
30,4878.1
10,4878.3
34,4880.0
12,4881.3
10,4883.6
30,4885.3
12,4886.9
21,4889.9
10,4890.6
34,4893.3
12,4899.4
10,4900.3
15,4937.4
15,4941.7
38,4942.3
40,4942.9
38,4947.4
40,4948.0
15,4948.1
0,4948.8
31,4951.0
8,4953.4
24,4954.7
38,4957.2
0,4957.4
54,4957.9
40,4960.3
35,4964.5
38,4965.4
23,4966.0
31,4974.8
42,4995.5
42,4999.7
42,5005.9
57,5008.9
29,5014.5
57,5017.1
29,5024.8
10,5064.8
10,5068.7
10,5074.3
28,5082.6
27,5083.9
15,5085.2
42,5088.3
30,5089.1
48,5089.3
32,5092.2
42,5093.0
62,5097.5
62,5101.4
42,5102.5
62,5107.0
60,5111.3
61,5127.7
60,5129.2
54,5145.4
54,5149.4
54,5155.1
33,5171.1
10,5205.6
33,5207.2
10,5211.9
33,5213.5
10,5219.7
27,5226.0
27,5285.8
49,5288.4
1,5289.4
27,5293.6
10,5294.0
49,5296.0
10,5298.1
27,5302.6
10,5304.4
15,5314.8
9,5318.3
48,5320.2
28,5320.2
16,5320.7
30,5321.0
16,5324.2
32,5325.3
9,5325.8
16,5328.7
57,5331.4
9,5332.8
16,5336.6
62,5339.8
57,5340.8
21,5342.3
48,5344.2
9,5344.7
11,5347.0
9,5353.3
62,5357.4
62,5361.6
62,5368.7
58,5391.8
27,5392.4
58,5394.9
27,5396.9
58,5398.6
46,5398.8
58,5403.6
27,5403.8
48,5407.4
46,5408.4
58,5414.8
44,5415.8
48,5419.4
20,5426.3
17,5429.1
20,5432.1
17,5435.8
8,5439.8
51,5442.4
8,5443.8
48,5446.4
51,5447.8
15,5449.2
8,5449.4
35,5450.2
48,5452.4
51,5452.7
35,5454.6
51,5459.8
35,5461.1
3,5463.2
52,5464.1
51,5466.0
51,5492.5
26,5494.2
36,5496.8
51,5497.8
26,5499.7
36,5500.3
36,5504.8
29,5508.4
36,5512.8
56,5513.0
0,5514.5
59,5515.2
16,5516.6
29,5520.0
26,5521.7
48,5530.1
16,5537.7
30,5538.5
37,5549.6
37,5553.0
34,5554.8
37,5557.3
34,5558.3
34,5562.9
37,5564.0
46,5568.7
34,5571.8
20,5583.0
20,5586.6
20,5591.4
56,5593.3
27,5598.8
52,5602.7
20,5609.8
48,5614.2
35,5616.9
54,5624.0
54,5628.4
29,5633.0
0,5633.4
54,5634.9
7,5641.9
24,5645.9
7,5646.0
24,5651.5
7,5652.4
0,5653.0
52,5653.7
0,5658.6
48,5662.2
31,5662.6
52,5664.3
11,5667.8
0,5668.1
29,5668.6
2,5668.7
46,5668.7
57,5669.5
48,5670.6
12,5671.2
22,5671.8
52,5672.0
46,5679.0
48,5680.0
55,5680.6
36,5689.4
35,5713.0
27,5720.9
21,5781.7
21,5785.1
21,5789.5
21,5798.2
39,5800.8
26,5837.7
36,5838.1
59,5880.7
38,5924.6
48,5924.7
51,5926.1
48,5928.6
51,5930.2
48,5933.6
51,5936.1
52,5957.7
52,5961.7
51,5963.4
52,5967.4
51,5968.7
2,5972.7
6,5974.8
2,5978.5
6,5982.4
2,5984.7
30,5993.9
10,5994.0
52,5998.7
52,6002.8
3,6005.5
52,6007.1
3,6010.3
22,6011.7
28,6012.4
52,6013.4
28,6017.8
3,6019.7
28,6026.3
58,6028.0
26,6030.4
58,6030.9
20,6031.2
27,6031.8
4,6032.2
58,6034.1
58,6038.0
28,6040.5
58,6043.6
16,6105.1
15,6114.3
32,6158.7
40,6160.8
32,6162.6
40,6164.8
32,6167.6
40,6170.6
32,6178.9
6,6216.3
6,6220.4
6,6226.2
37,6234.2
47,6239.2
1,6239.8
56,6243.2
33,6249.8
2,6253.8
33,6256.8
49,6266.2
33,6269.7
49,6269.9
2,6274.1
49,6274.7
49,6284.8
57,6294.2
7,6296.1
10,6316.3
7,6318.6
30,6325.4
30,6329.2
30,6334.3
10,6337.4
36,6442.8
20,6444.0
36,6446.4
36,6451.0
36,6459.5
23,6465.3
23,6469.3
23,6475.2
8,6484.0
10,6484.6
7,6485.0
11,6487.1
20,6489.3
14,6491.8
10,6491.8
7,6492.8
20,6493.7
14,6498.0
20,6499.3
14,6507.4
18,6513.8
20,6515.4
18,6517.4
18,6521.8
14,6522.4
3,6528.7
18,6529.5
3,6532.9
8,6533.2
2,6537.3
32,6537.4
3,6539.1
27,6541.5
42,6544.9
58,6545.0
17,6546.4
4,6553.4
24,6555.7
58,6556.9
51,6564.3
21,6568.2
21,6571.7
22,6574.7
21,6576.3
22,6578.5
25,6583.2
22,6583.6
17,6584.8
39,6585.9
21,6586.4
36,6588.2
27,6589.0
25,6589.5
12,6591.3
20,6592.1
48,6594.4
28,6595.0
26,6595.3
39,6595.5
17,6597.9
37,6603.6
56,6635.9
56,6641.0
17,6641.1
46,6642.0
17,6646.0
56,6647.6
46,6649.8
12,6651.2
17,6652.3
54,6655.1
12,6656.1
56,6656.7
19,6657.7
46,6659.8
12,6662.7
12,6667.7
56,6668.9
12,6679.4
16,6679.7
58,6682.0
16,6683.2
16,6687.7
15,6688.9
15,6693.2
36,6693.9
11,6694.2
20,6695.4
50,6695.5
42,6695.8
16,6696.4
36,6697.0
39,6697.4
23,6697.6
59,6698.1
48,6698.2
15,6699.2
50,6700.8
36,6700.8
49,6700.9
27,6701.4
23,6704.4
21,6705.1
39,6705.3
36,6705.4
0,6705.8
60,6705.9
11,6707.1
35,6707.5
62,6707.9
31,6708.9
59,6710.2
50,6712.6
42,6712.9
36,6713.5
54,6713.8
60,6714.6
39,6717.9
60,6720.7
24,6720.8
30,6720.8
27,6724.8
39,6729.7
25,6729.9
25,6737.3
7,6737.5
8,6740.3
18,6740.7
7,6741.6
25,6744.4
48,6746.2
25,6747.5
7,6747.8
8,6748.5
18,6749.3
25,6751.1
60,6752.0
0,6752.6
29,6755.0
25,6755.7
18,6757.4
25,6762.5
18,6763.6
60,6763.9
5,6765.4
18,6772.0
60,6774.7
4,6778.5
59,6779.5
30,6800.7
30,6804.5
30,6810.0
39,6821.7
4,6826.9
49,6828.6
4,6830.8
49,6832.3
4,6836.1
49,6837.1
39,6837.5
31,6840.5
21,6840.7
49,6843.7
52,6844.9
40,6845.1
41,6846.1
11,6850.5
21,6850.6
40,6853.6
41,6853.6
13,6854.0
31,6856.7
13,6857.8
13,6862.3
54,6862.7
42,6863.7
37,6866.9
41,6868.3
13,6869.3
6,6869.8
37,6874.9
48,6879.0
41,6880.3
6,6880.4
20,6881.2
37,6881.9
28,6882.0
0,6895.5
9,6907.3
42,6912.9
42,6916.9
42,6923.0
56,6962.2
51,6976.2
56,6978.1
22,6996.0
8,7006.0
8,7009.8
8,7015.2
36,7026.9
27,7031.2
52,7038.1
39,7053.2
39,7057.7
39,7065.1
53,7080.1
53,7083.9
53,7089.1
21,7126.1
21,7129.7
16,7134.4
21,7134.4
16,7137.9
16,7142.4
21,7142.7
47,7144.4
23,7144.7
50,7146.4
59,7146.8
20,7149.3
17,7149.3
5,7149.6
48,7149.8
16,7150.2
28,7150.3
27,7151.0
50,7151.4
30,7151.7
36,7152.4
23,7152.5
5,7153.3
25,7156.0
21,7156.0
62,7156.1
48,7157.7
49,7157.9
5,7158.1
50,7159.0
27,7159.2
47,7159.3
11,7159.7
51,7160.7
30,7160.7
52,7160.9
40,7164.4
35,7166.0
48,7166.3
54,7167.4
51,7167.5
40,7168.0
12,7169.9
6,7172.1
52,7172.7
5,7172.7
40,7172.8
9,7173.3
54,7175.9
42,7179.8
25,7183.3
42,7183.6
40,7184.1
9,7184.3
54,7184.4
42,7188.9
61,7218.2
60,7220.1
10,7245.9
20,7249.1
17,7249.6
34,7255.5
36,7257.4
10,7258.5
20,7260.8
6,7264.4
34,7265.3
35,7266.1
6,7268.5
35,7270.6
6,7274.4
35,7275.9
27,7276.1
20,7278.1
27,7279.6
47,7281.1
20,7281.8
37,7282.1
56,7283.7
27,7284.0
35,7285.6
10,7286.2
20,7287.0
48,7288.3
10,7289.6
27,7289.8
47,7291.1
7,7292.5
48,7293.6
10,7294.2
54,7296.4
15,7296.8
16,7297.1
27,7297.8
52,7298.4
48,7299.3
44,7299.7
58,7301.6
15,7302.8
46,7303.0
32,7303.4
28,7303.9
10,7304.7
30,7307.8
48,7307.9
15,7309.6
15,7313.5
15,7318.6
51,7319.6
3,7320.8
56,7322.8
0,7326.5
15,7326.8
59,7326.8
23,7328.5
51,7330.6
56,7330.6
35,7332.3
31,7335.2
48,7337.4
29,7340.3
54,7341.8
51,7342.2
48,7343.8
3,7347.4
56,7349.1
14,7350.4
3,7363.5
48,7379.1
30,7383.2
27,7415.6
9,7420.4
54,7435.3
55,7444.5
30,7446.7
30,7450.8
55,7451.3
51,7454.0
52,7456.5
30,7457.0
18,7458.0
18,7461.8
55,7462.5
17,7466.2
18,7466.8
30,7469.1
17,7469.9
17,7474.7
32,7476.3
36,7476.4
41,7478.8
55,7479.5
34,7481.4
8,7482.6
17,7483.9
55,7484.4
7,7485.8
8,7486.2
41,7488.3
19,7488.4
55,7488.6
8,7491.0
2,7494.3
27,7494.8
55,7495.4
29,7495.9
41,7498.0
34,7498.4
48,7498.7
46,7500.4
49,7500.8
27,7505.8
29,7505.9
34,7507.8
46,7508.3
38,7510.0
48,7511.1
46,7512.1
46,7516.6
35,7519.0
10,7521.5
54,7521.6
4,7522.6
46,7523.1
10,7524.9
32,7527.6
27,7528.6
10,7529.6
32,7531.1
32,7535.5
29,7536.8
27,7540.8
10,7540.9
48,7542.4
32,7542.5
28,7543.7
47,7554.9
15,7560.3
56,7566.8
56,7571.5
49,7578.0
56,7579.4
49,7581.7
49,7586.3
49,7593.0
53,7594.6
28,7665.2
28,7669.4
28,7675.5
14,7677.8
19,7678.6
14,7682.6
51,7682.8
15,7684.3
45,7688.1
14,7690.3
46,7690.4
32,7691.5
47,7692.7
34,7692.8
12,7695.0
24,7695.2
45,7695.4
30,7697.8
19,7698.3
42,7699.0
52,7700.3
21,7703.8
51,7704.6
27,7704.9
57,7705.0
21,7707.0
38,7709.0
57,7710.8
21,7711.1
28,7712.8
27,7713.4
32,7715.7
21,7717.5
28,7719.9
20,7720.8
27,7722.3
17,7723.0
25,7723.7
36,7724.2
28,7730.5
59,7730.8
48,7733.6
27,7734.3
30,7735.0
24,7761.5
24,7767.6
61,7774.4
56,7775.4
11,7776.0
12,7776.7
24,7777.9
43,7780.8
47,7782.6
0,7788.2
51,7801.7
11,7828.6
62,7836.6
62,7840.8
54,7842.8
62,7847.2
54,7849.9
36,7851.9
12,7854.1
29,7854.6
54,7854.7
36,7855.3
36,7859.6
57,7865.9
36,7866.2
29,7867.3
54,7868.3
57,7877.4
41,7881.7
57,7885.8
24,7900.2
24,7906.0
55,7925.8
30,7946.5
19,7958.2
16,7958.7
12,7963.8
10,7964.3
10,7975.1
12,7975.2
12,7982.1
10,7982.5
58,7985.0
56,7985.6
58,7991.4
56,7993.2
58,7999.3
56,8000.6
0,8015.4
47,8020.2
47,8023.7
47,8028.1
47,8035.8
0,8036.1
34,8036.8
32,8037.7
58,8038.8
42,8039.4
34,8040.4
56,8041.1
32,8041.8
34,8045.0
58,8045.3
32,8047.1
0,8047.4
56,8048.4
53,8051.3
34,8054.2
53,8055.1
58,8057.8
37,8058.2
53,8060.3
25,8061.8
59,8063.8
37,8065.2
25,8065.7
25,8070.2
59,8071.8
37,8075.0
25,8076.8
33,8082.6
17,8086.0
33,8088.0
31,8096.0
31,8099.7
17,8099.9
33,8100.2
31,8104.6
7,8114.0
31,8116.7
7,8117.9
15,8118.5
7,8123.3
15,8130.5
32,8133.2
41,8133.4
32,8137.6
15,8138.9
29,8139.8
32,8143.9
55,8155.7
0,8156.8
55,8169.7
39,8178.6
39,8182.8
39,8189.3
41,8194.0
41,8198.3
9,8202.8
41,8205.3
43,8211.7
9,8214.4
43,8215.2
38,8217.8
54,8217.9
43,8219.6
38,8221.5
9,8222.5
43,8226.2
38,8226.5
31,8233.8
53,8236.8
53,8241.4
56,8243.9
53,8250.7
53,8260.9
26,8290.1
26,8295.1
58,8295.9
56,8297.4
58,8303.4
56,8303.5
0,8304.3
26,8308.4
56,8312.6
58,8313.4
59,8315.6
28,8324.8
28,8329.1
28,8336.4
34,8339.7
40,8343.6
47,8344.0
34,8347.6
52,8348.6
40,8349.2
47,8354.3
29,8354.9
34,8358.0
31,8358.5
45,8358.6
23,8382.0
23,8386.1
23,8392.2
20,8395.6
11,8396.2
8,8397.2
51,8401.9
8,8404.4
20,8409.5
1,8410.0
36,8411.0
8,8413.4
30,8415.7
30,8419.1
1,8420.7
10,8423.2
30,8423.5
8,8425.3
10,8426.9
30,8430.3
1,8430.7
10,8431.9
15,8435.6
32,8437.4
51,8440.7
27,8441.8
30,8442.1
15,8443.5
9,8444.5
48,8446.5
0,8451.8
46,8453.6
29,8456.3
56,8462.5
0,8462.6
17,8470.4
19,8472.7
20,8488.3
12,8490.1
12,8494.1
12,8499.8
41,8500.6
22,8503.9
41,8507.4
22,8508.0
15,8509.8
55,8509.9
22,8513.9
20,8514.8
36,8515.4
41,8515.4
38,8515.9
39,8516.1
49,8517.1
15,8518.6
37,8519.8
27,8521.9
48,8523.0
39,8524.9
27,8525.4
17,8526.8
27,8529.9
20,8530.4
60,8531.5
46,8532.4
48,8534.9
27,8539.0
46,8540.9
47,8541.3
44,8544.5
16,8548.8
48,8554.8
39,8568.5
48,8586.2
20,8626.6
15,8628.3
15,8632.2
14,8634.1
20,8634.4
15,8637.5
0,8643.0
14,8645.7
20,8645.9
31,8648.5
23,8651.2
35,8651.4
15,8651.7
24,8652.7
0,8663.2
44,8665.6
41,8669.9
42,8670.2
15,8670.8
29,8671.4
29,8674.8
29,8678.9
41,8682.1
15,8683.5
20,8684.6
0,8685.2
29,8685.3
32,8686.6
20,8688.5
20,8694.2
27,8695.2
0,8695.4
48,8698.0
46,8698.9
27,8703.6
54,8707.9
48,8709.2
27,8712.5
34,8716.0
34,8719.7
34,8724.6
0,8724.7
62,8731.7
62,8735.9
34,8738.5
62,8742.3
55,8743.8
46,8749.9
30,8756.3
55,8758.1
37,8760.9
55,8771.4
54,8784.1
14,8799.5
14,8804.2
39,8808.6
14,8812.5
39,8812.9
30,8816.6
35,8821.8
39,8821.8
12,8822.7
8,8824.4
35,8825.5
8,8827.9
35,8830.2
8,8832.5
35,8835.4
36,8836.7
18,8837.8
13,8839.1
27,8840.1
8,8841.7
29,8842.8
13,8843.0
36,8843.2
15,8843.4
59,8846.7
35,8847.3
13,8847.8
59,8850.1
52,8852.4
59,8854.7
13,8855.3
1,8856.4
32,8860.7
49,8860.8
59,8863.6
60,8864.5
8,8864.6
6,8865.4
25,8867.8
8,8869.8
43,8870.3
48,8874.8
25,8884.1
4,8891.8
35,8911.4
25,8911.4
35,8915.7
25,8915.7
25,8920.8
35,8921.9
35,8934.6
27,8935.1
38,8935.4
3,8960.1
3,8964.5
34,8967.1
3,8971.6
42,8976.8
20,8979.3
24,8980.5
12,8982.1
58,8982.8
4,8983.2
51,8990.5
34,9000.6
30,9001.2
60,9004.0
35,9009.2
34,9010.1
60,9011.5
25,9013.4
43,9016.3
14,9016.3
60,9017.3
25,9020.0
35,9021.0
42,9029.1
42,9032.9
42,9038.4
29,9060.3
29,9063.9
29,9068.7
37,9069.0
42,9071.8
37,9072.4
10,9073.0
34,9076.0
37,9076.5
42,9076.6
22,9077.9
45,9078.4
29,9078.5
24,9079.5
22,9081.5
10,9082.4
37,9082.7
45,9082.7
12,9084.2
32,9084.3
61,9085.0
60,9085.8
42,9086.1
22,9086.2
20,9087.6
41,9088.1
10,9088.7
45,9088.9
34,9089.3
37,9090.7
61,9090.8
60,9091.0
12,9093.7
22,9094.9
20,9095.0
41,9098.1
36,9098.5
61,9098.9
60,9099.6
14,9101.1
48,9101.2
39,9101.7
36,9102.0
46,9102.8
40,9103.8
36,9106.5
38,9106.6
60,9110.4
36,9113.9
61,9114.7
57,9114.9
5,9116.5
20,9121.9
27,9123.5
9,9148.9
9,9152.9
9,9157.5
44,9159.9
35,9160.2
39,9162.4
44,9163.5
9,9164.3
35,9165.5
39,9166.6
51,9167.4
44,9167.8
11,9169.0
25,9170.3
35,9171.8
39,9172.8
60,9174.6
44,9174.6
11,9176.5
12,9176.7
35,9177.5
0,9179.9
11,9183.9
12,9185.5
60,9188.5
50,9206.9
50,9212.3
60,9213.1
26,9214.9
60,9218.4
53,9231.5
32,9234.6
25,9236.6
55,9240.8
55,9244.4
25,9246.5
43,9247.2
55,9249.2
25,9255.7
55,9262.9
46,9267.6
48,9271.5
35,9276.0
60,9281.6
35,9282.0
35,9290.6
35,9307.1
46,9321.2
48,9321.4
46,9327.2
48,9329.3
46,9334.6
41,9334.7
34,9337.3
39,9342.0
39,9346.8
41,9347.0
34,9349.8
39,9354.6
41,9355.2
20,9359.0
20,9366.9
40,9404.5
61,9408.3
40,9408.4
11,9410.4
61,9412.4
29,9412.5
40,9414.1
11,9415.9
61,9418.0
50,9436.1
52,9459.3
47,9472.0
19,9472.2
47,9475.5
19,9475.7
4,9477.1
47,9479.5
19,9480.2
4,9480.5
47,9484.3
4,9484.7
19,9487.5
42,9491.2
4,9491.3
3,9494.5
47,9495.9
15,9501.3
14,9503.4
42,9503.6
2,9503.7
40,9504.1
48,9506.8
40,9508.5
21,9509.4
13,9512.4
40,9516.5
13,9516.5
13,9521.3
20,9522.3
55,9524.0
41,9526.1
37,9527.4
20,9528.9
13,9530.1
49,9533.1
37,9534.5
41,9535.3
48,9538.9
2,9547.4
46,9549.9
48,9552.1
2,9552.3
2,9558.0
32,9564.0
38,9565.1
0,9565.7
25,9565.7
26,9566.7
1,9567.9
12,9569.5
49,9570.3
2,9572.8
32,9573.6
36,9577.4
31,9578.9
15,9579.0
17,9582.1
15,9584.7
36,9584.9
0,9586.0
15,9593.4
36,9597.7
15,9604.0
61,9610.8
49,9611.3
38,9613.8
61,9617.6
23,9618.2
28,9618.6
38,9620.9
23,9622.0
7,9622.7
28,9622.8
7,9626.6
23,9627.3
46,9629.3
28,9629.4
11,9630.6
61,9630.7
7,9631.9
20,9632.8
29,9634.4
52,9635.0
51,9635.3
45,9635.8
8,9636.2
47,9637.0
11,9637.1
61,9637.3
60,9637.9
46,9638.6
38,9639.3
21,9639.9
0,9639.9
31,9640.7
29,9640.8
36,9640.8
52,9641.9
25,9642.5
20,9642.8
6,9643.1
32,9644.6
37,9645.5
38,9646.9
8,9647.0
23,9647.4
1,9647.6
11,9648.7
0,9649.2
60,9649.4
61,9650.2
5,9650.7
48,9651.8
25,9652.8
21,9654.2
1,9655.5
6,9656.7
34,9659.4
9,9660.8
44,9668.5
62,9671.1
44,9672.5
44,9678.0
19,9698.8
11,9702.1
32,9742.1
1,9757.1
1,9761.2
1,9766.9
29,9771.4
36,9771.4
10,9773.9
46,9775.7
26,9778.0
36,9779.0
10,9779.7
19,9780.1
46,9780.7
36,9782.5
32,9783.1
54,9786.7
36,9786.7
10,9787.2
57,9789.6
46,9792.8
36,9792.9
13,9805.2
36,9807.3
13,9808.8
13,9813.1
11,9816.1
30,9819.1
13,9819.7
11,9820.7
30,9825.0
11,9828.0
6,9832.0
37,9832.8
30,9833.1
11,9833.7
41,9834.9
20,9837.3
21,9841.4
49,9841.8
21,9845.1
0,9845.2
49,9845.6
0,9848.5
21,9849.6
49,9850.4
6,9850.9
0,9852.3
21,9855.2
45,9856.4
27,9857.1
0,9857.5
59,9857.9
6,9858.5
20,9859.0
49,9859.7
31,9859.7
17,9860.1
58,9860.7
14,9862.8
28,9863.3
25,9864.6
10,9864.9
27,9866.2
6,9867.3
21,9867.8
59,9868.3
10,9869.0
48,9870.6
26,9874.2
51,9875.3
10,9875.6
58,9876.4
48,9878.5
28,9879.0
15,9882.5
32,9883.0
27,9883.4
54,9884.3
51,9886.2
9,9888.2
38,9893.9
41,9903.5
41,9907.0
41,9911.7
41,9921.5
57,9945.9
14,9950.8
26,9968.9
26,9973.7
28,9975.6
59,9982.9
26,9983.4
31,9983.6
16,9985.4
37,9986.8
7,9987.8
0,9988.1
56,9988.2
13,9992.8
54,9993.1
35,9999.5
51,10000.6
51,10004.8
57,10007.7
14,10009.5
28,10011.4
51,10011.5
57,10016.2
14,10017.1
14,10024.9
0,10025.1
26,10027.9
0,10036.8
36,10055.0
5,10063.7
28,10066.6
24,10071.0
5,10072.6
42,10076.7
59,10077.2
42,10081.1
42,10088.2
32,10121.3
32,10124.8
32,10129.3
32,10136.9
46,10138.7
46,10142.5
43,10144.1
19,10144.7
23,10147.1
46,10147.7
43,10147.8
19,10148.0
23,10151.2
19,10152.2
43,10152.5
46,10156.6
23,10157.5
19,10157.9
43,10162.8
8,10165.8
47,10165.9
11,10166.3
58,10167.3
3,10168.3
20,10169.5
52,10170.8
52,10174.7
2,10175.3
15,10175.5
52,10180.1
4,10183.3
13,10198.2
13,10201.2
13,10204.6
13,10208.7
13,10214.8
37,10218.8
48,10219.9
6,10221.3
20,10222.3
28,10224.6
22,10231.6
9,10234.6
52,10290.0
52,10294.2
52,10300.8
2,10301.6
28,10306.8
2,10312.3
28,10316.2
28,10323.4
2,10328.8
47,10335.2
47,10338.5
47,10342.5
47,10348.9
53,10355.7
32,10357.7
53,10360.3
32,10363.8
20,10364.1
53,10369.5
22,10396.2
47,10397.8
48,10400.5
47,10401.8
2,10405.8
22,10406.2
46,10407.2
47,10408.1
17,10409.0
20,10410.4
18,10412.1
17,10413.4
10,10416.6
20,10416.7
18,10417.6
10,10420.0
17,10420.3
46,10423.2
12,10423.4
10,10424.3
55,10424.4
19,10426.9
55,10427.4
12,10428.8
18,10429.3
55,10431.0
10,10431.7
20,10431.8
27,10433.9
15,10434.8
55,10435.2
12,10435.4
48,10437.7
30,10438.5
32,10440.5
55,10440.9
6,10442.3
11,10451.3
22,10518.5
57,10521.6
31,10523.7
31,10527.5
22,10531.8
31,10532.7
7,10534.9
2,10539.5
7,10543.0
28,10583.5
5,10610.2
5,10613.9
5,10618.9
12,10625.6
51,10626.6
16,10627.8
21,10629.7
30,10646.6
30,10650.4
2,10650.9
7,10651.4
35,10654.3
30,10655.5
2,10656.5
7,10656.9
35,10658.6
57,10661.1
30,10662.7
35,10663.6
5,10664.5
57,10664.9
2,10666.2
7,10666.8
5,10669.0
57,10670.3
35,10671.6
16,10674.0
15,10676.5
5,10678.4
18,10679.0
57,10680.1
51,10681.6
47,10687.5
53,10693.6
16,10694.9
59,10704.9
53,10710.4
32,10714.6
58,10731.8
58,10735.1
58,10739.3
58,10746.2
18,10752.0
18,10755.8
18,10760.9
26,10768.2
26,10772.3
1,10777.1
26,10777.5
0,10785.3
26,10787.7
1,10789.5
31,10791.0
56,10793.1
16,10796.9
12,10797.5
21,10810.0
49,10810.3
21,10813.5
0,10813.6
49,10814.0
32,10814.1
21,10818.0
49,10818.8
36,10822.9
17,10823.5
53,10825.0
59,10826.1
27,10826.9
21,10827.8
26,10828.1
0,10829.0
20,10829.7
49,10831.7
36,10834.2
26,10837.8
39,10850.3
17,10851.1
3,10853.8
39,10854.5
3,10858.5
39,10859.7
39,10866.9
3,10868.4
4,10868.8
27,10869.6
16,10871.3
16,10874.5
16,10878.5
20,10878.6
16,10884.1
23,10884.7
42,10887.6
35,10892.9
16,10895.9
30,10896.3
12,10896.9
59,10897.3
62,10902.0
27,10902.3
43,10916.4
42,10920.7
18,10921.5
59,10924.4
43,10928.4
18,10930.9
59,10931.4
42,10934.9
17,10935.1
56,10943.2
56,10951.7
26,10964.3
12,10964.6
27,10968.1
54,10970.8
56,10971.1
23,10971.3
12,10972.0
27,10972.0
26,10972.7
0,10973.3
8,10974.9
27,10977.7
17,10978.2
8,10978.7
47,10981.6
17,10982.9
8,10984.4
7,10985.1
27,10985.6
35,10986.0
46,10986.2
16,10986.6
44,10987.8
48,10988.1
51,10989.0
0,10989.0
19,10990.0
52,10992.3
17,10992.8
46,10993.5
47,10993.9
49,10993.9
7,10997.3
21,10997.3
19,10997.8
48,10998.2
4,10998.6
44,10998.8
29,11001.6
4,11006.3
25,11008.0
10,11012.8
58,11013.8
28,11015.0
12,11017.2
20,11022.2
5,11023.4
5,11027.4
31,11029.7
5,11032.8
31,11033.2
16,11034.7
31,11037.7
35,11038.9
21,11038.9
11,11039.7
53,11039.9
53,11044.4
12,11044.8
31,11046.2
32,11048.2
53,11048.7
1,11049.8
22,11054.2
2,11056.3
53,11056.6
26,11057.0
1,11057.1
55,11057.1
30,11058.1
32,11058.7
30,11061.8
11,11062.0
1,11062.3
26,11065.3
18,11065.6
30,11066.6
53,11066.9
46,11067.8
36,11069.0
18,11069.3
18,11073.9
30,11076.2
1,11078.5
18,11082.8
62,11083.9
62,11087.4
54,11088.6
62,11091.8
56,11092.1
54,11093.6
7,11095.6
27,11096.8
56,11097.9
62,11099.0
7,11104.2
54,11104.6
49,11105.2
23,11105.4
27,11110.6
23,11114.0
24,11115.1
12,11116.7
51,11118.0
3,11119.9
54,11120.1
23,11126.1
38,11126.8
54,11126.9
3,11128.9
36,11130.1
24,11133.4
3,11137.6
0,11138.3
19,11146.5
21,11148.0
0,11153.2
3,11156.6
50,11178.4
50,11184.0
44,11185.5
44,11189.1
44,11193.8
27,11196.0
23,11198.7
27,11200.9
44,11205.0
23,11205.7
27,11206.1
28,11214.5
27,11216.1
28,11219.9
59,11222.8
59,11226.6
19,11228.2
47,11231.3
59,11231.5
32,11234.8
46,11235.9
60,11239.5
52,11241.3
59,11241.8
61,11241.8
51,11258.0
43,11289.4
25,11291.7
43,11298.4
25,11301.0
43,11307.1
36,11344.6
41,11346.7
20,11348.1
20,11351.7
36,11353.3
41,11355.0
20,11356.3
36,11359.3
1,11361.6
20,11364.4
1,11368.0
35,11369.9
48,11372.9
8,11373.5
1,11373.8
26,11378.4
1,11388.5
26,11391.5
28,11401.6
12,11401.8
12,11405.8
34,11406.3
27,11408.8
41,11410.4
12,11411.3
49,11421.7
19,11423.8
58,11426.3
55,11428.3
41,11428.7
19,11433.5
57,11437.4
36,11464.4
8,11466.8
41,11467.6
36,11470.0
8,11470.9
41,11475.2
36,11476.0
8,11476.7
36,11481.4
27,11485.3
3,11487.8
52,11488.5
61,11495.4
4,11501.6
16,11502.9
61,11504.7
4,11505.2
4,11510.2
16,11510.3
61,11510.8
52,11518.5
39,11520.3
21,11520.5
4,11521.3
17,11522.6
55,11524.2
14,11524.9
11,11527.2
14,11528.7
54,11529.0
11,11531.9
14,11533.7
34,11538.0
12,11538.6
11,11540.2
49,11541.2
18,11541.4
27,11542.6
34,11543.5
38,11545.1
1,11546.8
48,11547.5
12,11547.6
45,11548.4
49,11548.4
29,11550.5
27,11551.4
34,11551.6
5,11553.7
18,11554.4
9,11555.7
50,11555.9
59,11557.1
53,11562.6
5,11564.8
35,11573.2
15,11577.0
35,11577.8
35,11583.1
55,11616.8
55,11620.5
55,11625.1
55,11634.8
26,11648.5
3,11652.7
34,11654.3
36,11654.4
41,11657.3
36,11660.4
41,11665.8
31,11667.5
36,11667.6
31,11671.3
57,11673.3
31,11676.6
57,11677.3
57,11683.1
51,11695.7
16,11697.4
61,11699.4
51,11699.5
38,11701.9
51,11704.7
38,11705.4
61,11705.4
49,11707.6
5,11707.9
38,11710.0
8,11710.5
16,11710.9
49,11711.3
5,11711.7
8,11714.1
49,11716.1
14,11716.3
5,11717.0
51,11717.4
38,11718.6
8,11719.0
52,11721.2
49,11722.6
12,11723.7
51,11725.4
21,11725.7
27,11728.5
12,11728.8
18,11730.9
32,11731.7
52,11732.6
3,11733.5
25,11733.6
32,11735.4
45,11737.2
32,11740.2
12,11740.2
25,11745.3
7,11747.9
32,11751.1
7,11752.0
4,11752.9
7,11757.8
52,11763.3
21,11763.3
29,11767.8
0,11771.3
34,11787.8
41,11796.7
41,11799.8
11,11800.0
34,11800.1
41,11803.8
41,11809.8
12,11811.0
38,11812.9
41,11815.1
12,11817.2
38,11819.7
46,11820.1
34,11822.5
46,11824.1
46,11829.7
12,11831.7
38,11834.1
21,11845.0
21,11848.5
21,11853.2
21,11864.3
27,11866.9
36,11867.7
20,11869.7
17,11871.2
17,11893.3
17,11897.6
17,11904.4
40,11905.4
19,11907.3
40,11909.4
40,11915.2
44,11940.7
44,11944.5
44,11949.7
27,11969.8
5,11972.4
27,11976.3
52,11979.3
5,11983.6
19,11984.1
51,11986.8
36,11991.4
27,11991.9
5,11998.3
8,12001.4
23,12005.4
8,12005.5
23,12009.4
8,12011.3
23,12015.4
9,12017.0
29,12017.8
8,12018.1
9,12020.7
36,12021.1
20,12022.2
51,12023.1
4,12023.6
25,12023.9
9,12025.0
11,12025.1
51,12029.4
9,12030.2
25,12030.9
29,12032.8
11,12033.4
58,12034.2
35,12035.9
51,12036.8
48,12039.9
9,12040.9
49,12043.6
51,12047.8
10,12056.9
10,12060.7
48,12064.1
51,12064.5
10,12065.9
48,12069.0
51,12070.3
48,12073.8
15,12073.9
51,12075.0
32,12079.3
27,12080.2
48,12083.0
37,12084.1
44,12085.5
37,12087.6
44,12089.2
37,12092.0
44,12094.4
22,12096.2
37,12099.8
22,12100.0
19,12101.1
44,12103.7
19,12105.5
22,12105.6
28,12107.8
60,12108.8
20,12109.0
12,12109.4
9,12112.1
19,12113.3
37,12115.0
28,12115.5
39,12115.8
46,12117.8
19,12118.6
60,12119.4
9,12121.1
14,12124.4
22,12127.6
11,12143.1
29,12150.4
4,12151.8
4,12155.6
4,12160.2
52,12166.4
21,12168.3
4,12170.6
55,12175.1
52,12186.9
57,12234.9
57,12238.6
27,12243.6
57,12243.6
51,12244.7
19,12252.8
59,12290.7
10,12295.2
59,12296.5
25,12301.6
54,12302.2
12,12309.2
59,12311.3
54,12311.8
10,12313.5
17,12318.6
60,12354.3
60,12358.2
43,12358.7
43,12362.4
60,12363.6
30,12366.7
43,12367.2
43,12379.6
11,12399.3
32,12403.9
11,12408.9
10,12414.6
30,12416.1
10,12422.6
30,12427.9
10,12430.0
25,12433.6
14,12470.9
40,12480.2
34,12481.5
14,12481.8
40,12487.7
57,12489.6
34,12490.2
40,12493.2
34,12498.3
15,12509.4
39,12511.3
55,12526.7
3,12528.1
55,12530.4
10,12532.7
59,12532.9
3,12533.3
27,12533.3
55,12535.5
59,12538.7
10,12539.2
27,12540.4
12,12544.3
31,12546.2
4,12546.2
58,12547.4
55,12548.0
31,12550.1
31,12555.5
4,12560.2
26,12564.6
23,12565.1
24,12566.1
7,12575.6
7,12579.7
7,12585.1
2,12587.0
2,12591.9
20,12592.1
0,12594.2
29,12596.2
2,12597.7
20,12598.3
51,12598.4
36,12600.3
0,12602.0
25,12604.8
38,12605.3
32,12605.7
26,12608.1
12,12609.6
29,12610.0
23,12611.9
2,12612.2
49,12613.3
1,12616.4
1,12638.4
1,12642.1
36,12647.1
1,12647.3
36,12655.0
54,12658.2
57,12662.6
4,12668.1
19,12670.5
38,12671.8
4,12672.0
19,12673.8
10,12675.8
4,12677.2
19,12677.9
38,12678.7
52,12679.1
4,12682.4
42,12682.8
21,12683.4
19,12684.1
31,12686.3
37,12686.5
54,12686.5
46,12687.3
52,12688.4
42,12689.5
12,12693.1
38,12695.3
47,12697.0
54,12697.7
3,12700.1
46,12704.3
52,12718.0
52,12722.1
52,12728.2
38,12729.3
10,12729.4
44,12733.6
38,12735.9
44,12737.7
10,12738.5
44,12741.9
44,12745.8
44,12751.9
58,12757.0
19,12758.9
60,12763.0
19,12765.2
58,12765.4
38,12768.0
60,12768.2
19,12769.7
19,12775.7
54,12775.9
54,12780.8
16,12781.0
54,12786.1
19,12786.6
16,12789.6
19,12792.1
11,12797.6
11,12813.8
51,12818.6
37,12820.4
2,12821.9
51,12822.8
37,12823.8
0,12824.9
37,12828.0
51,12829.0
2,12829.7
22,12834.0
37,12835.0
14,12837.3
26,12860.0
26,12865.3
23,12873.1
41,12877.0
23,12877.1
31,12877.6
28,12879.4
53,12881.9
23,12883.1
29,12883.6
8,12884.3
28,12884.5
56,12889.7
20,12889.8
11,12891.3
29,12892.5
8,12892.9
28,12893.2
36,12898.3
20,12898.7
32,12898.9
45,12902.4
52,12909.4
61,12909.7
11,12911.9
53,12923.3
38,12946.2
38,12949.8
38,12954.3
37,12959.3
37,12962.8
38,12963.8
37,12967.4
14,12975.6
16,12976.4
49,12980.4
21,12980.6
37,12981.3
16,12982.6
14,12983.2
49,12984.1
21,12984.3
16,12987.1
14,12988.9
49,12989.1
21,12989.2
59,12993.0
20,12996.1
16,12997.7
56,12999.4
36,13002.1
17,13002.4
20,13007.4
54,13020.9
2,13023.0
22,13025.3
2,13027.6
52,13030.6
22,13032.5
28,13033.4
52,13034.5
0,13035.2
54,13036.1
2,13036.7
47,13038.6
52,13039.7
27,13040.4
56,13044.7
56,13049.4
0,13058.7
56,13060.2
46,13086.2
46,13090.0
46,13095.2
7,13141.3
7,13145.1
45,13148.2
6,13149.9
7,13150.1
7,13158.7
25,13159.6
6,13161.1
29,13165.5
45,13183.2
11,13184.5
30,13186.9
11,13189.0
30,13193.0
11,13196.1
11,13201.6
30,13201.9
29,13212.0
8,13214.0
49,13215.3
49,13219.1
49,13224.1
36,13230.5
40,13236.1
22,13237.8
38,13238.5
49,13239.0
40,13240.9
52,13241.5
22,13241.8
26,13243.0
38,13243.3
40,13245.8
22,13247.4
38,13249.3
40,13250.2
12,13251.9
37,13256.3
39,13256.9
40,13258.9
20,13260.8
48,13264.8
5,13266.7
8,13294.6
11,13295.4
50,13295.5
55,13297.3
8,13298.6
50,13299.9
55,13300.8
11,13302.5
8,13304.6
55,13305.3
50,13305.4
27,13308.0
3,13309.3
55,13312.2
52,13313.8
29,13314.1
36,13316.1
49,13317.1
25,13317.9
51,13318.8
50,13322.5
12,13323.4
48,13324.9
25,13328.2
27,13331.7
4,13352.1
4,13355.9
4,13361.0
7,13361.9
10,13362.8
37,13367.3
17,13368.2
28,13368.7
21,13368.8
39,13370.6
52,13370.9
28,13372.8
31,13373.2
7,13375.0
43,13375.5
4,13376.2
10,13376.5
28,13378.9
52,13379.0
43,13379.2
19,13380.0
34,13380.4
14,13382.7
43,13384.1
60,13384.7
61,13386.8
45,13387.6
51,13390.5
34,13391.3
32,13392.6
46,13393.5
43,13394.1
20,13394.4
47,13394.5
41,13396.0
24,13398.6
19,13398.8
12,13399.6
40,13405.1
38,13411.2
36,13413.3
29,13413.4
48,13435.3
48,13438.8
48,13443.7
48,13450.7
27,13460.1
56,13464.9
56,13469.2
56,13476.0
12,13477.6
0,13478.3
38,13481.2
42,13481.5
37,13482.4
0,13482.5
38,13484.8
52,13485.3
42,13485.4
0,13487.5
38,13489.5
12,13490.6
42,13491.0
11,13492.6
55,13494.2
21,13495.0
51,13495.5
50,13495.6
6,13496.9
0,13497.2
11,13497.4
38,13497.8
58,13498.3
54,13499.2
14,13500.4
31,13504.1
50,13504.2
12,13504.4
11,13504.9
27,13505.1
6,13506.3
59,13507.1
49,13508.3
21,13508.9
34,13511.1
61,13513.7
33,13514.2
25,13516.0
11,13516.5
3,13518.2
58,13520.3
6,13522.7
39,13523.9
22,13524.0
48,13524.2
47,13524.9
24,13525.3
60,13526.2
61,13526.3
29,13526.5
48,13528.2
48,13533.4
26,13539.7
1,13539.8
26,13544.1
1,13544.8
26,13551.5
1,13553.1
32,13557.2
26,13558.7
32,13560.8
32,13565.3
32,13573.6
19,13576.1
19,13579.4
19,13583.5
27,13584.4
19,13590.1
47,13601.5
3,13603.2
2,13609.2
15,13615.5
10,13635.7
12,13637.8
29,13658.1
29,13664.7
12,13697.8
55,13700.2
12,13708.4
55,13715.8
12,13717.3
50,13719.8
50,13724.3
36,13728.1
36,13731.7
50,13732.7
36,13736.4
46,13739.7
36,13744.9
13,13757.8
30,13762.0
13,13770.2
13,13778.0
15,13817.0
18,13822.5
15,13825.8
18,13826.1
18,13830.8
36,13832.6
32,13837.2
51,13839.5
60,13840.3
18,13841.0
2,13843.0
17,13843.5
51,13843.8
60,13844.0
60,13848.9
51,13850.2
14,13855.6
33,13855.9
32,13856.3
60,13860.6
14,13864.0
14,13875.4
33,13880.3
35,13894.2
11,13895.8
35,13898.7
11,13901.1
35,13905.2
53,13913.7
49,13916.7
53,13917.7
9,13919.7
12,13920.2
53,13923.3
9,13923.7
3,13926.3
9,13928.3
2,13931.9
8,13932.1
29,13933.2
9,13934.9
6,13936.0
2,13936.6
25,13940.2
2,13942.1
26,13944.8
25,13947.2
48,13947.2
38,13948.1
49,13950.2
2,13952.1
0,13952.9
1,13955.7
32,13955.8
29,13956.9
24,13962.2
36,13963.6
24,13967.4
50,13974.4
12,13975.9
8,13976.5
11,13981.0
44,13983.4
50,13990.5
12,13991.1
28,14012.3
28,14017.3
11,14024.1
28,14028.8
47,14029.3
32,14035.3
51,14038.0
35,14039.6
45,14040.7
35,14044.3
34,14045.5
35,14051.4
35,14060.9
52,14061.0
52,14065.2
2,14068.7
38,14069.1
52,14071.4
38,14084.8
47,14086.2
52,14086.5
48,14089.2
48,14092.9
48,14097.8
25,14119.7
26,14122.3
11,14131.2
12,14171.1
30,14205.7
5,14209.1
30,14210.6
30,14219.8
5,14220.0
11,14230.6
30,14230.7
18,14245.9
60,14247.2
18,14253.6
60,14256.2
15,14257.7
18,14258.7
15,14261.9
60,14264.3
15,14267.9
29,14273.4
0,14276.6
29,14276.7
29,14280.9
31,14285.4
35,14286.2
29,14287.4
0,14290.2
24,14295.9
16,14330.1
16,14333.5
16,14337.9
11,14340.3
11,14344.5
16,14344.8
54,14347.0
23,14347.2
51,14348.9
48,14349.5
11,14351.0
49,14351.5
6,14353.6
54,14354.1
9,14354.6
31,14355.0
21,14355.1
12,14356.3
18,14356.8
59,14356.9
6,14357.2
48,14358.4
54,14360.5
9,14361.3
6,14361.4
50,14361.7
49,14362.7
62,14363.8
39,14364.2
27,14364.3
54,14366.4
6,14366.9
34,14368.4
56,14369.4
47,14370.3
1,14370.5
18,14372.3
37,14372.8
39,14375.4
6,14379.7
10,14381.3
56,14387.7
23,14391.5
0,14394.5
18,14421.5
18,14424.6
60,14425.7
35,14425.9
18,14427.7
18,14431.2
60,14431.5
18,14436.0
32,14438.8
2,14438.9
36,14439.6
18,14441.6
60,14441.7
8,14441.8
54,14462.0
34,14464.0
54,14473.3
54,14480.2
18,14484.5
54,14484.9
18,14490.2
15,14493.9
3,14493.9
7,14495.8
51,14497.4
10,14497.9
15,14498.3
7,14500.5
51,14501.4
3,14502.6
15,14504.1
10,14505.2
51,14506.9
7,14507.9
23,14508.1
0,14508.4
17,14509.6
42,14511.5
10,14513.7
7,14516.3
21,14516.6
2,14517.8
24,14526.1
45,14552.8
35,14554.9
9,14555.7
45,14557.2
9,14559.8
35,14559.9
45,14564.0
35,14564.4
9,14564.7
35,14570.0
37,14572.1
9,14573.0
25,14574.8
35,14575.7
11,14576.7
32,14576.9
35,14582.5
20,14585.1
11,14586.6
20,14588.7
20,14593.4
48,14602.5
61,14602.6
20,14603.2
27,14606.5
61,14606.8
54,14609.2
36,14609.6
61,14613.3
56,14613.8
3,14624.6
3,14628.7
3,14634.0
58,14640.4
27,14649.0
23,14649.2
12,14653.3
24,14655.3
58,14663.8
48,14673.2
31,14673.9
51,14674.1
32,14675.8
48,14676.8
38,14679.5
48,14681.3
31,14683.5
15,14690.1
38,14690.5
48,14690.6
40,14709.1
2,14710.2
40,14713.1
2,14714.8
40,14719.0
2,14720.0
0,14723.5
26,14725.0
2,14730.0
36,14730.3
1,14730.5
32,14733.8
23,14734.9
25,14735.0
0,14737.6
29,14740.0
54,14742.8
54,14747.0
54,14754.1
54,14772.2
0,14772.3
35,14776.6
14,14778.3
35,14780.7
14,14782.6
35,14785.3
14,14788.0
12,14792.0
30,14792.4
35,14793.6
42,14793.8
34,14796.6
38,14803.0
30,14806.1
1,14813.5
3,14822.8
21,14827.9
37,14838.5
37,14842.3
32,14846.0
8,14846.3
37,14847.7
8,14869.9
20,14918.6
20,14922.2
20,14926.9
20,14937.6
1,14943.4
36,14943.6
48,14944.6
1,14946.9
1,14951.5
1,14959.3
57,14961.3
54,14964.9
42,14969.0
43,14969.3
28,14973.3
28,14978.0
45,14986.8
28,14986.9
42,14987.5
52,14988.3
34,14991.3
19,14995.2
61,14998.0
