350,102.4
27,103.1
319,104.8
170,107.0
350,107.3
317,107.9
219,108.1
180,108.1
27,108.7
319,110.0
125,110.3
368,112.0
101,112.1
350,112.9
170,113.2
198,113.6
180,113.9
317,113.9
219,114.4
131,114.6
163,114.7
27,115.1
319,115.9
125,116.8
368,118.5
101,118.6
350,119.3
198,120.2
170,120.2
180,120.6
317,120.7
163,121.4
219,121.5
131,121.6
27,122.2
319,122.6
125,124.1
368,125.8
101,125.9
350,126.6
198,127.7
170,127.9
180,128.2
317,128.5
163,128.9
131,129.3
219,129.6
319,130.3
27,130.5
125,132.5
368,134.3
101,134.5
350,136.4
198,137.0
163,137.9
180,138.1
170,138.7
317,140.2
319,140.5
131,140.5
219,141.4
27,142.0
125,144.0
101,145.1
368,145.8
198,150.7
163,151.2
350,153.1
319,156.5
319,185.4
350,186.8
319,191.8
350,193.4
319,199.8
350,201.6
319,212.4
350,215.8
27,265.2
350,267.4
27,271.5
319,272.7
180,272.8
350,273.9
317,274.4
170,275.1
27,278.7
319,279.8
180,279.9
350,281.5
317,281.9
170,282.8
27,287.1
180,288.1
319,289.4
317,290.7
350,291.3
170,291.7
180,297.7
27,298.8
317,301.5
170,302.9
319,303.1
350,647.1
27,647.9
319,648.9
170,651.6
180,651.8
350,652.1
317,652.2
219,652.6
27,653.5
319,654.1
125,654.6
368,655.1
101,655.7
198,657.3
350,657.6
163,657.7
180,657.7
170,657.7
131,658.0
317,658.2
219,658.9
27,659.8
319,660.0
125,661.1
368,661.5
101,662.1
198,663.9
350,664.0
163,664.3
180,664.4
170,664.6
131,664.7
317,664.9
219,665.8
319,666.8
27,666.9
125,668.2
368,668.7
101,669.3
350,671.4
198,671.4
163,671.5
180,671.8
170,672.3
131,672.4
317,672.8
219,673.7
319,674.6
27,675.4
125,676.8
368,677.3
101,677.9
163,680.6
198,680.8
350,683.9
180,684.5
131,685.2
319,686.1
219,687.2
101,689.2
27,689.9
368,689.9
125,690.1
163,705.1
350,731.1
163,732.7
350,737.2
319,737.5
163,740.9
350,744.7
319,745.0
163,752.8
350,753.7
319,754.2
319,767.7
27,810.2
350,811.3
27,816.3
350,817.5
317,818.2
101,818.9
180,819.3
125,819.8
319,820.0
27,823.5
198,823.9
170,824.3
350,824.9
101,825.5
317,825.7
180,826.6
125,827.2
319,828.0
198,831.2
27,832.2
170,832.9
101,833.0
350,834.2
317,834.6
180,835.3
125,836.1
319,838.0
198,839.8
101,842.6
170,842.8
27,844.0
180,845.4
317,845.5
125,847.6
198,852.1
101,859.6
198,865.3
198,890.5
350,892.4
198,898.2
350,898.9
219,900.0
350,906.7
219,907.4
198,910.3
219,915.8
350,917.4
219,925.5
350,1271.7
27,1272.9
319,1273.5
170,1276.6
317,1276.6
350,1276.7
180,1276.8
219,1277.9
27,1278.4
319,1278.6
125,1278.8
101,1279.1
368,1280.1
198,1280.7
163,1281.9
350,1282.4
180,1282.6
317,1282.6
131,1282.7
170,1282.8
319,1284.0
27,1284.1
219,1284.2
125,1284.6
101,1284.9
368,1285.9
198,1286.6
163,1288.5
131,1288.6
350,1288.9
317,1289.3
180,1289.4
170,1289.6
319,1289.9
27,1290.3
125,1291.2
101,1291.3
219,1291.3
368,1292.5
198,1293.4
131,1295.4
163,1295.9
5,1296.4
350,1296.7
319,1297.0
180,1297.1
170,1297.4
317,1297.6
27,1297.7
125,1298.9
101,1299.2
219,1299.9
368,1300.3
198,1302.4
5,1303.8
163,1305.4
131,1305.5
319,1306.6
27,1308.4
350,1309.8
101,1310.3
125,1311.0
368,1311.7
5,1313.0
319,1322.7
5,1324.5
350,1355.9
319,1360.0
350,1362.3
319,1366.6
350,1369.8
319,1375.3
27,1378.4
350,1379.5
27,1388.5
319,1389.4
350,1435.8
319,1440.5
350,1442.1
27,1442.8
101,1442.8
180,1444.0
170,1444.2
125,1444.6
198,1445.6
319,1447.5
317,1449.1
368,1449.3
101,1449.4
350,1449.6
27,1450.3
180,1451.3
125,1451.7
170,1451.7
198,1452.7
319,1456.2
317,1457.1
101,1457.2
368,1457.2
350,1458.9
27,1459.6
125,1459.8
180,1459.8
170,1460.1
219,1460.9
198,1460.9
317,1466.9
368,1466.9
319,1467.8
101,1468.2
180,1470.0
125,1470.0
219,1470.1
170,1471.6
198,1475.8
368,1480.6
368,1510.1
350,1515.8
368,1516.5
350,1522.1
368,1524.5
27,1526.6
319,1526.6
350,1529.9
27,1534.7
319,1535.0
350,1539.9
27,1545.3
319,1546.1
27,1561.3
350,1896.8
27,1898.0
319,1898.4
180,1901.4
317,1901.5
170,1901.6
125,1901.9
350,1901.9
101,1902.1
219,1902.8
27,1903.1
319,1903.3
198,1903.4
368,1904.3
131,1905.1
163,1906.8
180,1907.4
350,1907.5
317,1907.5
101,1907.8
125,1907.8
170,1907.8
319,1908.8
27,1908.9
219,1909.1
198,1909.4
5,1910.0
368,1910.2
131,1911.1
127,1912.1
218,1912.7
163,1913.4
350,1914.0
101,1914.2
180,1914.2
317,1914.2
125,1914.4
170,1914.7
319,1915.2
27,1915.3
198,1916.2
219,1916.2
5,1916.6
368,1917.0
131,1918.0
127,1918.7
218,1919.6
163,1920.8
180,1921.8
101,1922.0
350,1922.1
125,1922.2
317,1922.8
319,1922.8
170,1923.0
27,1923.3
5,1924.0
219,1925.1
198,1925.2
368,1925.3
127,1927.0
131,1927.3
218,1928.5
163,1930.7
319,1933.8
101,1933.8
5,1933.9
125,1934.6
27,1935.3
127,1938.2
368,1938.4
350,1938.7
218,1941.1
5,1952.6
350,1981.5
319,1983.6
350,1988.1
319,1990.0
27,1991.1
350,1996.1
319,1998.0
27,1999.4
350,2007.6
319,2008.6
27,2011.8
350,2061.6
319,2063.5
101,2065.3
125,2066.5
180,2067.4
350,2068.2
198,2068.5
317,2069.2
319,2069.9
170,2070.4
101,2071.7
368,2073.3
125,2073.7
180,2074.4
27,2075.2
198,2075.5
350,2076.2
317,2076.8
319,2077.6
170,2078.6
101,2079.2
368,2081.4
125,2082.2
180,2082.5
131,2082.6
198,2083.5
27,2084.5
350,2086.1
317,2086.2
319,2087.5
170,2088.1
101,2088.2
368,2091.7
180,2092.4
125,2092.7
131,2092.7
198,2095.3
27,2096.7
368,2106.1
350,2141.7
319,2147.5
350,2148.3
319,2154.8
350,2156.2
319,2163.7
350,2166.4
319,2176.1
350,2521.8
27,2522.9
319,2523.2
317,2526.3
170,2526.6
180,2526.6
350,2526.9
125,2527.1
101,2527.2
219,2527.9
27,2528.1
319,2528.2
131,2528.3
368,2528.4
198,2528.7
163,2531.5
317,2532.3
180,2532.6
350,2532.7
170,2532.8
125,2533.0
101,2533.0
127,2533.0
218,2533.4
319,2533.9
27,2534.0
219,2534.1
131,2534.3
368,2534.4
198,2534.7
5,2535.7
163,2538.1
317,2539.1
350,2539.3
180,2539.4
101,2539.5
125,2539.5
127,2539.6
170,2539.7
218,2540.0
319,2540.4
27,2540.7
131,2541.0
219,2541.2
368,2541.2
198,2541.5
5,2542.4
163,2545.5
127,2547.0
125,2547.2
101,2547.3
180,2547.3
317,2547.7
350,2547.7
218,2548.0
170,2548.0
319,2548.5
27,2549.1
368,2549.5
131,2549.8
5,2549.8
219,2550.3
198,2550.5
163,2555.4
125,2558.9
127,2559.1
319,2560.0
101,2560.2
5,2561.1
27,2561.9
218,2562.0
368,2562.6
350,2570.4
350,2606.5
319,2608.2
350,2613.3
27,2614.0
319,2615.0
350,2621.7
27,2622.4
319,2623.1
319,2634.2
27,2634.5
350,2686.2
319,2688.2
101,2690.4
180,2691.8
317,2692.6
350,2692.7
198,2692.8
125,2693.2
319,2694.6
27,2694.6
368,2696.5
101,2697.0
180,2699.5
170,2699.5
131,2699.6
198,2699.7
317,2699.8
125,2700.4
350,2700.5
319,2702.5
27,2702.7
368,2703.9
101,2704.4
198,2707.4
170,2708.6
125,2708.7
131,2708.9
317,2709.0
180,2709.6
350,2710.3
27,2712.9
319,2712.9
101,2713.3
368,2713.9
125,2718.6
198,2718.7
170,2719.6
131,2721.1
180,2721.2
368,2728.7
350,2766.3
319,2769.2
27,2772.2
350,2772.8
319,2776.1
27,2780.0
350,2780.6
319,2784.3
27,2789.7
350,2790.5
319,2795.1
27,2802.8
350,3147.4
319,3148.9
27,3148.9
101,3153.1
125,3153.1
317,3153.4
180,3153.7
170,3154.3
198,3155.3
131,3155.8
368,3156.0
219,3156.8
350,3227.6
319,3229.1
27,3229.3
101,3234.5
125,3234.8
317,3235.7
180,3236.0
198,3238.6
131,3239.2
170,3239.2
368,3239.8
350,3307.8
319,3309.2
27,3309.5
101,3315.1
125,3315.6
317,3317.0
180,3317.4
198,3322.0
131,3323.5
368,3326.5
350,3387.7
319,3389.6
27,3389.6
101,3395.4
125,3395.9
317,3398.0
180,3399.2
198,3401.7
27,3773.9
319,3773.9
142,3775.4
101,3778.1
125,3778.2
317,3778.5
180,3778.8
170,3779.4
313,3779.6
132,3779.6
135,3780.9
131,3780.9
368,3781.0
219,3782.0
273,3782.7
38,3785.8
319,3854.1
27,3854.3
142,3855.9
101,3859.4
125,3859.7
317,3860.7
180,3861.0
313,3862.4
132,3864.1
131,3864.1
170,3864.3
368,3864.8
135,3865.8
319,3934.2
27,3934.5
142,3936.2
101,3940.1
125,3940.6
317,3941.9
180,3942.3
313,3944.9
131,3948.4
368,3951.2
132,3954.8
27,4014.5
319,4014.6
142,4016.2
101,4020.4
125,4020.9
317,4022.9
180,4024.0
313,4026.7
135,4030.5
125,4396.9
317,4397.0
27,4397.2
118,4398.9
319,4398.9
365,4399.0
142,4400.3
170,4401.4
180,4403.8
132,4404.4
313,4404.6
135,4405.8
131,4405.9
273,4407.5
219,4407.9
357,4408.6
370,4409.4
125,4416.2
27,4416.5
317,4477.2
125,4477.4
27,4477.8
118,4478.7
365,4479.1
319,4479.1
142,4480.9
170,4481.1
180,4486.0
313,4487.4
132,4488.9
131,4489.0
219,4489.1
135,4490.4
370,4490.6
357,4492.9
125,4557.2
317,4557.2
27,4557.5
118,4558.8
319,4559.2
365,4559.2
142,4561.2
170,4561.3
180,4567.2
313,4570.0
219,4571.5
131,4573.2
370,4573.8
132,4576.5
125,4637.2
317,4637.3
27,4637.6
118,4639.4
365,4639.5
319,4639.6
142,4641.2
170,4641.9
180,4649.0
313,4652.4
135,4657.9
357,4667.7
27,5022.1
118,5023.6
319,5023.9
142,5025.3
170,5025.8
125,5026.4
317,5027.7
132,5029.3
313,5029.4
135,5030.7
131,5030.9
273,5032.5
27,5044.3
260,5045.8
27,5102.9
118,5103.7
319,5104.1
142,5105.9
170,5106.2
125,5106.8
317,5108.6
313,5112.2
132,5113.4
131,5113.8
135,5115.4
27,5182.8
319,5184.2
118,5184.2
142,5186.2
170,5187.2
125,5187.7
317,5190.0
313,5194.6
131,5197.6
132,5198.9
27,5262.9
319,5264.6
118,5265.3
142,5266.2
125,5270.8
170,5271.5
313,5276.7
135,5283.4
131,5290.8
27,5647.1
365,5648.0
101,5649.1
142,5650.3
170,5650.8
125,5651.5
2,5651.8
317,5652.9
363,5653.2
313,5654.4
135,5655.7
131,5655.9
273,5657.5
163,5658.4
158,5659.8
205,5661.4
260,5669.1
27,5679.0
365,5728.3
27,5728.4
101,5729.0
142,5730.9
170,5731.2
125,5731.8
2,5731.9
363,5733.2
317,5733.7
313,5737.3
131,5738.9
135,5740.4
163,5742.8
205,5758.6
27,5807.9
365,5808.4
101,5809.1
142,5811.2
2,5812.1
170,5812.3
125,5812.8
363,5814.4
317,5815.1
313,5819.5
131,5822.8
365,5887.6
27,5887.9
101,5889.1
142,5891.2
2,5892.8
125,5895.9
170,5896.6
313,5901.4
135,5907.3
131,5913.6
365,6272.8
101,6273.8
170,6275.8
2,6276.5
125,6276.5
132,6276.7
363,6277.8
317,6277.9
36,6278.7
27,6279.9
163,6282.4
273,6282.5
158,6283.1
205,6285.5
38,6288.2
260,6294.0
365,6353.2
101,6354.0
170,6356.2
125,6356.8
2,6356.9
363,6358.2
132,6358.3
317,6358.8
36,6362.0
27,6362.2
163,6367.6
205,6378.4
365,6433.6
101,6434.4
170,6437.3
2,6437.4
125,6437.8
132,6439.1
363,6439.7
317,6440.2
36,6445.0
27,6447.4
365,6513.0
101,6514.4
2,6518.2
132,6519.3
125,6520.9
170,6521.5
36,6529.5
132,6895.8
101,6898.5
358,6901.1
273,6902.7
329,6902.9
365,6903.1
317,6903.1
163,6906.3
382,6906.4
266,6907.9
43,6907.9
251,6909.7
205,6909.8
38,6911.8
260,6919.0
203,6919.4
132,6976.0
101,6979.1
358,6982.1
329,6983.7
317,6983.9
365,6984.4
273,6985.1
163,6992.6
266,6993.3
205,7002.4
132,7056.0
101,7059.3
358,7062.4
317,7065.4
329,7065.5
365,7066.1
273,7066.5
132,7136.0
101,7139.4
358,7142.7
273,7147.4
132,7519.0
38,7521.8
273,7527.7
329,7527.8
365,7528.2
224,7529.5
101,7529.7
88,7531.2
382,7531.2
43,7532.5
266,7532.8
251,7534.5
205,7534.7
132,7535.4
260,7541.2
203,7544.4
132,7599.3
38,7602.1
329,7608.7
365,7609.5
273,7610.2
224,7610.9
101,7612.6
266,7617.9
205,7625.3
132,7679.2
38,7682.1
329,7690.5
365,7691.2
273,7691.8
224,7693.3
101,7694.9
132,7759.2
38,7762.1
273,7772.6
38,8146.7
132,8146.7
363,8151.8
273,8152.7
365,8153.2
313,8153.6
101,8154.8
88,8156.0
43,8157.4
266,8157.8
251,8159.5
205,8159.7
260,8166.2
203,8169.4
212,8171.7
38,8227.0
132,8227.0
363,8232.4
365,8234.5
273,8235.3
313,8236.7
101,8237.8
266,8242.9
205,8250.3
38,8307.1
132,8307.1
363,8313.6
365,8316.2
273,8316.8
313,8319.3
101,8320.0
132,8387.1
38,8387.1
273,8397.7
313,8402.0
88,8412.1
132,8771.7
363,8776.8
101,8779.9
306,8780.3
38,8782.6
266,8782.8
251,8784.5
205,8784.7
203,8794.4
212,8796.7
132,8852.0
363,8857.3
306,8862.2
101,8862.8
266,8868.0
205,8875.3
132,8932.1
363,8938.6
101,8945.2
306,8946.5
132,9012.1
132,9396.7
363,9401.8
306,9405.2
266,9407.8
38,9408.2
205,9409.7
260,9410.0
212,9421.7
132,9477.0
363,9482.3
306,9487.1
266,9493.0
205,9500.0
132,9557.1
363,9563.6
306,9571.2
132,9637.1
