13,83.4
14,83.5
20,83.6
0,83.7
9,83.9
19,83.9
6,84.1
4,84.2
16,84.6
17,84.6
13,90.9
14,94.0
13,163.2
14,163.4
20,163.4
0,163.5
9,163.7
19,163.7
6,163.9
4,164.0
17,164.4
16,164.4
13,170.2
14,175.3
20,183.7
13,243.2
20,243.4
14,243.4
0,243.4
9,243.7
19,243.7
6,243.8
4,243.9
16,244.3
17,244.3
13,251.0
14,254.8
13,305.3
13,628.3
14,628.4
20,628.5
0,628.6
19,628.8
9,628.8
6,628.9
4,629.1
16,629.4
17,629.5
13,635.2
14,637.4
20,642.8
13,708.2
14,708.3
0,708.4
20,708.4
19,708.7
9,708.7
6,708.8
4,708.9
16,709.3
17,709.3
13,714.8
14,716.6
20,719.8
0,725.4
13,788.3
14,788.3
20,788.4
0,788.4
9,788.6
19,788.6
6,788.7
4,788.9
17,789.3
16,789.3
13,794.9
14,796.2
20,799.2
13,848.6
14,868.4
20,868.4
0,868.4
13,868.6
19,868.6
9,868.6
6,868.7
4,868.9
16,869.2
17,869.2
13,876.6
14,877.0
20,878.5
0,883.7
13,927.9
13,1253.2
14,1253.3
20,1253.4
0,1253.5
9,1253.7
19,1253.7
6,1253.9
4,1254.0
17,1254.4
16,1254.4
13,1259.3
14,1261.9
20,1262.8
0,1269.5
13,1333.1
14,1333.2
20,1333.3
0,1333.4
9,1333.6
19,1333.6
6,1333.7
4,1333.9
16,1334.2
17,1334.3
13,1338.9
14,1341.2
20,1341.8
0,1345.4
13,1413.2
14,1413.3
20,1413.3
0,1413.4
19,1413.6
9,1413.6
6,1413.7
4,1413.8
16,1414.2
17,1414.2
13,1419.1
14,1420.9
20,1421.6
0,1424.8
13,1473.9
14,1493.3
20,1493.3
0,1493.4
19,1493.5
9,1493.5
6,1493.6
13,1493.6
4,1493.8
17,1494.2
16,1494.2
13,1500.2
14,1500.4
20,1501.3
0,1504.1
13,1552.5
13,1878.2
14,1878.3
0,1878.4
20,1878.4
19,1878.7
9,1878.7
6,1878.8
4,1879.0
17,1879.3
16,1879.3
13,1884.1
14,1885.4
20,1887.2
0,1888.1
13,1958.1
14,1958.2
0,1958.3
20,1958.3
19,1958.6
9,1958.6
6,1958.7
4,1958.8
16,1959.2
17,1959.2
13,1963.8
14,1964.9
20,1966.4
0,1967.0
14,2038.2
13,2038.2
0,2038.3
20,2038.3
19,2038.5
9,2038.5
6,2038.6
4,2038.8
17,2039.1
16,2039.1
13,2044.0
14,2044.8
20,2046.3
0,2046.9
13,2099.5
14,2118.2
0,2118.3
20,2118.3
9,2118.5
19,2118.5
6,2118.6
13,2118.6
4,2118.8
16,2119.1
17,2119.1
14,2124.5
13,2125.0
20,2126.0
0,2126.6
13,2177.7
13,2503.2
14,2503.3
20,2503.3
0,2503.4
19,2503.6
9,2503.6
6,2503.8
4,2503.9
16,2504.3
17,2504.3
13,2509.3
14,2510.6
20,2511.2
0,2513.5
13,2583.1
14,2583.2
20,2583.2
0,2583.3
9,2583.5
19,2583.5
6,2583.6
4,2583.8
16,2584.1
17,2584.1
13,2588.9
14,2590.1
20,2590.5
0,2592.3
13,2663.1
20,2663.2
14,2663.2
0,2663.3
9,2663.5
19,2663.5
6,2663.6
4,2663.7
16,2664.1
17,2664.1
13,2668.5
14,2670.0
20,2670.4
0,2672.2
13,2725.3
14,2743.2
20,2743.2
0,2743.3
9,2743.4
19,2743.4
6,2743.6
13,2743.6
4,2743.7
17,2744.1
16,2744.1
14,2749.7
20,2750.2
13,2751.0
0,2752.0
13,2803.4
13,3128.1
14,3128.2
20,3128.3
0,3128.4
9,3128.6
19,3128.6
6,3128.7
4,3128.9
17,3129.2
16,3129.2
13,3133.5
14,3134.6
20,3135.8
0,3137.9
13,3208.0
14,3208.1
20,3208.2
0,3208.3
19,3208.5
9,3208.5
6,3208.6
4,3208.7
17,3209.1
16,3209.1
13,3213.2
14,3214.2
20,3215.3
0,3216.9
13,3288.1
14,3288.1
20,3288.2
0,3288.2
9,3288.4
19,3288.4
6,3288.6
4,3288.7
17,3289.0
16,3289.0
13,3293.6
14,3294.1
20,3295.3
0,3297.0
13,3351.0
14,3368.1
20,3368.2
0,3368.2
19,3368.4
9,3368.4
6,3368.5
13,3368.7
4,3368.7
16,3369.0
17,3369.0
14,3374.7
20,3375.2
13,3375.8
0,3376.8
13,3428.5
14,3753.2
20,3753.3
0,3753.4
9,3753.6
19,3753.6
6,3753.7
15,3753.8
4,3753.9
16,3754.2
17,3754.2
14,3759.6
20,3760.8
0,3762.9
14,3833.1
20,3833.2
0,3833.3
9,3833.5
19,3833.5
15,3833.6
6,3833.6
4,3833.7
16,3834.1
17,3834.1
14,3839.2
20,3840.3
0,3841.9
14,3913.1
0,3913.2
20,3913.2
19,3913.4
9,3913.4
15,3913.5
6,3913.6
4,3913.7
16,3914.0
17,3914.0
14,3919.1
20,3920.3
0,3922.0
14,3993.1
20,3993.2
0,3993.2
9,3993.4
19,3993.4
15,3993.5
6,3993.5
4,3993.7
17,3994.0
16,3994.0
14,3999.7
20,4000.2
0,4001.8
14,4378.2
20,4378.3
9,4378.6
19,4378.6
6,4378.7
15,4378.7
28,4378.8
4,4378.9
17,4379.2
16,4379.2
14,4384.6
20,4385.8
14,4458.1
20,4458.2
19,4458.5
15,4458.5
9,4458.5
6,4458.6
28,4458.6
4,4458.7
16,4459.1
17,4459.1
14,4464.2
20,4465.3
14,4538.1
20,4538.2
19,4538.4
9,4538.4
15,4538.5
28,4538.5
6,4538.6
4,4538.7
16,4539.0
17,4539.0
14,4544.1
20,4545.3
14,4618.1
20,4618.2
19,4618.4
9,4618.4
28,4618.5
15,4618.5
6,4618.5
4,4618.7
16,4619.0
17,4619.0
14,4624.7
20,4625.2
14,5003.2
20,5003.3
19,5003.6
9,5003.6
6,5003.7
15,5003.7
28,5003.7
4,5003.9
16,5004.2
10,5004.6
14,5009.6
20,5010.8
14,5083.1
20,5083.2
19,5083.5
9,5083.5
28,5083.5
15,5083.5
6,5083.6
4,5083.7
16,5084.1
10,5084.3
14,5089.2
20,5090.3
14,5163.1
20,5163.2
19,5163.4
9,5163.4
15,5163.5
28,5163.5
6,5163.6
4,5163.7
16,5164.0
10,5164.3
14,5169.1
20,5170.3
14,5243.1
20,5243.2
9,5243.4
19,5243.4
15,5243.5
6,5243.5
28,5243.5
4,5243.7
16,5244.0
10,5244.3
14,5249.7
20,5250.2
14,5628.2
20,5628.3
19,5628.6
15,5628.7
28,5628.7
25,5628.7
6,5628.7
4,5628.9
16,5629.2
10,5629.5
14,5634.6
20,5635.8
14,5708.1
20,5708.2
15,5708.5
25,5708.5
19,5708.5
28,5708.5
6,5708.6
4,5708.7
16,5709.1
10,5709.3
14,5714.2
20,5715.3
14,5788.1
20,5788.2
19,5788.4
25,5788.4
15,5788.5
28,5788.5
6,5788.6
4,5788.7
16,5789.0
10,5789.3
14,5794.1
20,5795.3
14,5868.1
20,5868.2
19,5868.4
25,5868.4
28,5868.5
6,5868.5
15,5868.5
4,5868.7
16,5869.0
10,5869.2
14,5874.7
20,5875.2
20,6253.3
25,6253.6
19,6253.6
6,6253.7
15,6253.7
28,6253.7
4,6253.9
16,6254.2
10,6254.5
29,6254.7
20,6260.8
20,6333.2
28,6333.5
25,6333.5
15,6333.5
19,6333.5
6,6333.6
4,6333.7
16,6334.1
10,6334.3
29,6334.5
20,6340.3
20,6413.2
19,6413.4
25,6413.4
15,6413.5
28,6413.5
6,6413.6
4,6413.7
16,6414.0
10,6414.3
29,6414.4
20,6420.3
20,6493.2
19,6493.4
25,6493.4
28,6493.5
6,6493.5
15,6493.5
4,6493.7
16,6494.0
10,6494.2
29,6494.4
20,6500.2
22,6878.4
19,6878.6
25,6878.6
6,6878.7
28,6878.7
15,6878.7
4,6878.9
16,6879.2
10,6879.5
29,6879.6
22,6886.2
22,6958.2
28,6958.5
25,6958.5
15,6958.5
19,6958.5
6,6958.6
4,6958.7
16,6959.1
10,6959.3
29,6959.4
22,6965.1
22,7038.2
19,7038.4
25,7038.4
28,7038.5
15,7038.5
6,7038.6
4,7038.7
16,7039.0
10,7039.3
29,7039.4
22,7045.7
22,7098.2
19,7118.4
25,7118.4
28,7118.5
6,7118.5
15,7118.5
4,7118.7
22,7118.7
16,7119.0
10,7119.2
29,7119.4
22,7127.4
22,7177.3
22,7503.3
25,7503.6
19,7503.6
15,7503.7
28,7503.7
6,7503.7
23,7503.9
4,7503.9
10,7504.5
29,7504.6
22,7510.7
22,7583.2
19,7583.5
25,7583.5
28,7583.5
15,7583.5
6,7583.6
4,7583.7
23,7583.7
10,7584.3
29,7584.4
22,7590.1
22,7649.4
25,7663.4
19,7663.4
15,7663.5
28,7663.5
6,7663.6
23,7663.6
4,7663.7
10,7664.3
29,7664.4
22,7664.4
22,7743.1
19,7743.4
25,7743.4
15,7743.5
6,7743.5
28,7743.5
23,7743.6
4,7743.7
10,7744.2
29,7744.4
22,7750.3
22,7800.5
22,7865.3
22,8128.3
24,8128.5
25,8128.6
19,8128.6
6,8128.7
28,8128.7
15,8128.7
23,8128.8
10,8129.5
29,8129.6
22,8135.7
24,8140.1
22,8208.2
24,8208.3
15,8208.5
28,8208.5
19,8208.5
25,8208.5
6,8208.6
23,8208.7
10,8209.3
29,8209.4
22,8215.1
24,8217.2
22,8274.4
24,8288.3
25,8288.4
19,8288.4
28,8288.5
15,8288.5
23,8288.6
6,8288.6
10,8289.3
22,8289.3
29,8289.4
24,8297.1
22,8368.1
25,8368.4
19,8368.4
24,8368.4
15,8368.5
6,8368.5
28,8368.5
23,8368.6
10,8369.2
29,8369.4
22,8375.3
24,8378.0
22,8425.5
24,8438.1
22,8488.6
22,8753.3
24,8753.4
25,8753.6
6,8753.7
28,8753.7
15,8753.7
7,8753.7
23,8753.8
10,8754.5
29,8754.6
22,8760.7
24,8763.5
22,8833.2
24,8833.3
25,8833.5
28,8833.5
15,8833.5
7,8833.5
6,8833.6
23,8833.7
10,8834.3
29,8834.4
22,8840.1
24,8842.3
22,8899.4
24,8913.3
25,8913.4
15,8913.5
7,8913.5
28,8913.5
23,8913.6
6,8913.6
22,8914.3
10,8914.3
29,8914.4
24,8923.8
22,8993.1
24,8993.2
7,8993.4
25,8993.4
28,8993.5
15,8993.5
6,8993.5
23,8993.6
10,8994.2
29,8994.4
22,9000.3
22,9050.5
22,9113.6
22,9378.3
24,9378.4
25,9378.6
7,9378.6
28,9378.7
15,9378.7
23,9378.8
5,9379.3
10,9379.5
29,9379.6
22,9385.7
24,9388.5
22,9458.2
24,9458.3
7,9458.5
25,9458.5
28,9458.5
15,9458.5
23,9458.7
5,9459.1
10,9459.3
29,9459.4
22,9465.1
24,9467.3
22,9524.4
24,9538.3
25,9538.4
7,9538.4
28,9538.5
15,9538.5
23,9538.6
5,9539.1
22,9539.3
10,9539.3
29,9539.4
24,9548.8
22,9618.1
24,9618.2
7,9618.4
25,9618.4
15,9618.5
28,9618.5
23,9618.6
5,9619.0
10,9619.2
29,9619.4
22,9625.3
22,9675.5
22,9738.6
